1:ItNr	2:Metric	3:StepSize	4:||Gradient||	Time[ms]
0	-0.628990	83.006550	0.195535	300.9
1	-0.137787	82.759751	0.019781	1.5
2	-0.464980	82.514899	0.032797	1.4
3	-0.328587	82.271970	0.102029	1.3
4	-0.784824	82.030938	0.238332	1.4
5	-0.355040	81.791781	0.029466	1.4
6	-0.323090	81.554474	0.014534	1.4
7	-0.729897	81.318994	0.009512	1.4
8	-0.217537	81.085318	0.019681	1.3
9	-0.000000	80.853424	0.000000	1.2
10	-0.638726	80.623291	0.058676	1.4
11	-0.350455	80.394896	0.009130	1.3
12	-0.299119	80.168219	0.029939	1.4
13	-0.186791	79.943237	0.030233	1.4
14	-0.367140	79.719932	0.012069	1.4
15	-0.143299	79.498282	0.019083	0.9
16	-0.405622	79.278268	0.045361	2.5
17	-0.343393	79.059871	0.040440	1.9
18	-0.250421	78.843070	0.050942	1.4
19	-0.363460	78.627848	0.066692	1.4
20	-0.045745	78.414185	0.011215	1.4
21	-0.369421	78.202063	0.049275	1.4
22	-0.215838	77.991465	0.072073	2.1
23	-0.394438	77.782372	0.058365	1.4
24	-0.879585	77.574768	0.100544	2.7
25	-0.076643	77.368635	0.017954	3.5
26	-0.727574	77.163955	0.137055	1.4
27	-0.172972	76.960714	0.063624	3.3
28	-0.404497	76.758894	0.020043	2.2
29	-0.445680	76.558479	0.107844	1.7
30	-0.432918	76.359453	0.063149	2.1
31	-0.445471	76.161801	0.085713	1.9
32	-0.595585	75.965507	0.119737	3.1
33	-0.848213	75.770557	0.146806	1.5
34	-0.605696	75.576936	0.139787	1.6
35	-0.370900	75.384628	0.028832	1.6
36	-0.284468	75.193619	0.068605	1.5
37	-0.421755	75.003896	0.123234	1.7
38	-0.347523	74.815444	0.048701	2.1
39	-0.750512	74.628249	0.180460	1.6
40	-0.300035	74.442298	0.060232	1.6
41	-0.740427	74.257577	0.109865	1.7
42	-1.073537	74.074074	0.125904	1.6
43	-0.228004	73.891775	0.046467	1.5
44	-0.883701	73.710668	0.207357	1.5
45	-0.372580	73.530739	0.060139	1.5
46	-0.481518	73.351977	0.040186	1.5
47	-0.530071	73.174369	0.113228	1.7
48	-0.557916	72.997904	0.035847	1.5
49	-0.095548	72.822568	0.024300	1.6
50	-0.239276	72.648351	0.024869	2.1
51	-0.792368	72.475242	0.071474	1.5
52	-0.777875	72.303227	0.100444	1.5
53	-0.302209	72.132298	0.050402	1.6
54	-0.102010	71.962441	0.005763	1.5
55	-0.686383	71.793647	0.235200	2.1
56	-0.260455	71.625905	0.039570	2.2
57	-0.219846	71.459204	0.029029	3.1
58	-0.328616	71.293533	0.066828	1.5
59	-0.506183	71.128883	0.069755	1.4
60	-0.161515	70.965243	0.030489	1.7
61	-1.050195	70.802602	0.110284	1.4
62	-0.478416	70.640953	0.028416	1.5
63	-0.136621	70.480283	0.042783	1.5
64	-0.202032	70.320584	0.045563	1.7
65	-0.287297	70.161847	0.085484	1.4
66	-0.000000	70.004062	0.000000	1.8
67	-0.607961	69.847219	0.191311	2.7
68	-0.239014	69.691310	0.052494	1.5
69	-0.332988	69.536325	0.016057	1.8
70	-0.494584	69.382257	0.178266	1.4
71	-0.177897	69.229095	0.021475	1.4
72	-0.180019	69.076831	0.019785	1.1
73	-0.110889	68.925458	0.026629	1.1
74	-0.343249	68.774965	0.051340	1.4
75	-0.286956	68.625346	0.055100	1.4
76	-0.329435	68.476591	0.042407	1.6
77	-0.579891	68.328694	0.074523	1.6
78	-0.782697	68.181645	0.341909	1.8
79	-0.153784	68.035437	0.024666	1.4
80	-0.294349	67.890062	0.069078	1.4
81	-0.760805	67.745512	0.024639	1.4
82	-0.594813	67.601780	0.075772	1.6
83	-0.135596	67.458859	0.022024	1.1
84	-0.596062	67.316741	0.023691	1.7
85	-0.315936	67.175418	0.018992	1.8
86	-0.734337	67.034883	0.055951	2.7
87	-0.724732	66.895130	0.153173	1.5
88	-0.125954	66.756151	0.021804	1.6
89	-0.205337	66.617940	0.007000	1.3
90	-0.568023	66.480489	0.061895	1.5
91	-0.553583	66.343791	0.063380	1.5
92	-0.511262	66.207841	0.070712	1.5
93	-1.061430	66.072631	0.204973	1.6
94	-0.899066	65.938154	0.075193	2.1
95	-0.313606	65.804405	0.023973	6.6
96	-0.681272	65.671378	0.037684	2.0
97	-0.235291	65.539064	0.045150	2.7
98	-0.195075	65.407460	0.031124	2.8
99	-0.247468	65.276557	0.061069	3.7
100	-0.846664	65.146352	0.240418	3.4
101	-0.478305	65.016836	0.032511	3.7
102	-0.193826	64.888005	0.020063	2.4
103	-0.208953	64.759852	0.088005	3.2
104	-0.764542	64.632372	0.110846	3.6
105	-0.856881	64.505558	0.081354	2.0
106	-0.178347	64.379407	0.035950	2.2
107	-0.410108	64.253911	0.104286	2.2
108	-0.509097	64.129065	0.156509	2.2
109	-0.266087	64.004864	0.044626	4.9
110	-0.275167	63.881302	0.023340	1.7
111	-0.287197	63.758375	0.008804	2.7
112	-0.403423	63.636076	0.031366	2.5
113	-0.554148	63.514401	0.128503	1.8
114	-0.415766	63.393344	0.066475	1.6
115	-0.725352	63.272901	0.082204	1.4
116	-0.495517	63.153066	0.048203	1.9
117	-0.337475	63.033834	0.049172	1.7
118	-0.824869	62.915201	0.121374	6.1
119	-0.153892	62.797161	0.035789	2.1
120	-0.253520	62.679710	0.073644	1.9
121	-0.455625	62.562843	0.061089	1.6
122	-1.012580	62.446555	0.315194	3.6
123	-0.321027	62.330841	0.024443	1.6
124	-0.176506	62.215698	0.034028	1.9
125	-0.158102	62.101120	0.026034	2.0
126	-0.204690	61.987104	0.024726	1.5
127	-0.208955	61.873643	0.023392	1.4
128	-0.104212	61.760735	0.034794	1.4
129	-0.149187	61.648375	0.024139	1.8
130	-0.531380	61.536558	0.025538	1.8
131	-0.345029	61.425280	0.064957	1.4
132	-0.927466	61.314537	0.332477	1.6
133	-0.194577	61.204325	0.024449	1.4
134	-0.681895	61.094640	0.043713	1.4
135	-0.408070	60.985478	0.068255	1.4
136	-0.642955	60.876834	0.050952	1.7
137	-0.424726	60.768704	0.064165	1.4
138	-0.102900	60.661085	0.032951	1.2
139	-0.265281	60.553973	0.007918	2.4
140	-0.297193	60.447364	0.019184	2.0
141	-0.046214	60.341254	0.005831	1.4
142	-0.183819	60.235639	0.034214	1.1
143	-0.513117	60.130516	0.059395	1.4
144	-0.884154	60.025880	0.140142	1.4
145	-0.638365	59.921729	0.095023	1.5
146	-0.040251	59.818058	0.007418	2.6
147	-0.233529	59.714864	0.057669	1.6
148	-0.248432	59.612144	0.055552	1.2
149	-0.557943	59.509893	0.065945	1.4
150	-0.821592	59.408109	0.177714	1.4
151	-0.218838	59.306787	0.032581	1.4
152	-0.271175	59.205925	0.027355	1.4
153	-0.998660	59.105519	0.092303	1.4
154	-0.213209	59.005566	0.032207	1.5
155	-0.544651	58.906063	0.050940	1.4
156	-0.286445	58.807006	0.053037	1.3
157	-0.495153	58.708391	0.145594	1.3
158	-0.863071	58.610217	0.209819	1.3
159	-0.275714	58.512479	0.020185	1.1
160	-0.331074	58.415174	0.038266	1.8
161	-0.597145	58.318300	0.026096	1.7
162	-0.715998	58.221853	0.229655	1.4
163	-0.470134	58.125830	0.120826	1.3
164	-0.751917	58.030228	0.120749	1.4
165	-0.564832	57.935044	0.014886	1.4
166	-0.457348	57.840276	0.045930	1.4
167	-0.065910	57.745920	0.005385	1.4
168	-0.186869	57.651973	0.023370	2.4
169	-0.242781	57.558433	0.032125	1.2
170	-0.173599	57.465296	0.019189	1.4
171	-0.220920	57.372560	0.048820	1.3
172	-0.356836	57.280223	0.054568	1.4
173	-0.418437	57.188280	0.030565	1.4
174	-0.686194	57.096730	0.070455	1.4
175	-0.277196	57.005569	0.056736	1.4
176	-0.163938	56.914796	0.035123	1.4
177	-0.568366	56.824407	0.230900	1.4
178	-0.664146	56.734400	0.067877	1.4
179	-0.244640	56.644773	0.045051	1.3
180	-0.055759	56.555521	0.007269	1.4
181	-0.847621	56.466644	0.115103	2.1
182	-0.116425	56.378138	0.013335	1.3
183	-0.237191	56.290002	0.047919	1.4
184	-1.022023	56.202231	0.164053	1.4
185	-0.255602	56.114825	0.081544	1.4
186	-0.485752	56.027780	0.011640	1.4
187	-0.248134	55.941095	0.039539	1.4
188	-0.370283	55.854766	0.061427	1.4
189	-0.297989	55.768791	0.126640	1.4
190	-0.674946	55.683169	0.039857	2.6
191	-0.085140	55.597896	0.031303	1.6
192	-0.662108	55.512970	0.159020	1.5
193	-0.380429	55.428390	0.054785	1.3
194	-0.806132	55.344152	0.114911	1.4
195	-0.806343	55.260255	0.229934	1.4
196	-0.400838	55.176696	0.080337	1.5
197	-0.000000	55.093473	0.000000	1.3
198	-1.031928	55.010584	0.183335	1.4
199	-0.278682	54.928027	0.077409	3.0
200	-0.228211	54.845800	0.064927	3.3
201	-0.460943	54.763899	0.047175	2.6
202	-0.799087	54.682325	0.125902	1.9
203	-0.611875	54.601073	0.247564	1.9
204	-0.559493	54.520142	0.100611	1.8
205	-0.521311	54.439531	0.080276	3.4
206	-0.109418	54.359237	0.037375	2.3
207	-0.478805	54.279257	0.078800	1.7
208	-0.223972	54.199591	0.049680	1.6
209	-0.804266	54.120236	0.139097	1.4
210	-0.489320	54.041190	0.067451	2.0
211	-0.424899	53.962451	0.034565	5.0
212	-0.521611	53.884017	0.058351	5.8
213	-0.167127	53.805886	0.038000	1.9
214	-0.082729	53.728057	0.030034	2.0
215	-0.091118	53.650528	0.002838	1.9
216	-0.028949	53.573296	0.007235	2.3
217	-1.176041	53.496359	0.151836	2.0
218	-0.000932	53.419717	0.001886	6.6
219	-0.504009	53.343367	0.047630	1.8
220	-0.473706	53.267307	0.078816	1.4
221	-0.718407	53.191535	0.135281	4.8
222	-0.034545	53.116051	0.011782	4.1
223	-0.231577	53.040851	0.062606	3.2
224	-0.985085	52.965934	0.428369	2.1
225	-0.238299	52.891299	0.029900	1.4
226	-0.558442	52.816944	0.151545	1.5
227	-0.308029	52.742867	0.039535	1.5
228	-0.116586	52.669066	0.016519	1.7
229	-0.374122	52.595540	0.118913	1.4
230	-0.731593	52.522288	0.075763	1.4
231	-0.588952	52.449306	0.075191	1.4
232	-0.338035	52.376595	0.038985	1.3
233	-0.088591	52.304151	0.007259	1.8
234	-0.368557	52.231974	0.048636	1.6
235	-0.706647	52.160062	0.081841	3.4
236	-0.859997	52.088414	0.067068	2.2
237	-0.732127	52.017027	0.086081	4.5
238	-0.717928	51.945901	0.080475	3.1
239	-0.100837	51.875033	0.013083	1.7
240	-0.183711	51.804423	0.034152	1.4
241	-0.818054	51.734069	0.085945	1.4
242	-0.144327	51.663968	0.007259	1.7
243	-0.791291	51.594120	0.163324	1.4
244	-0.353912	51.524524	0.050898	1.3
245	-0.334565	51.455177	0.079489	1.3
246	-0.140691	51.386079	0.029025	1.4
247	-0.222975	51.317228	0.021178	1.8
248	-0.331044	51.248622	0.020945	1.4
249	-0.563615	51.180260	0.057277	1.6
250	-0.452825	51.112141	0.083095	1.8
251	-0.778168	51.044263	0.151498	2.2
252	-0.620333	50.976624	0.114275	1.4
253	-0.545573	50.909225	0.081624	2.3
254	-0.000082	50.842062	0.000026	2.0
255	-0.601106	50.775135	0.129198	1.6
256	-1.089143	50.708443	0.145202	1.4
257	-0.566780	50.641984	0.048484	1.5
258	-0.509981	50.575756	0.045107	2.8
259	-0.943044	50.509759	0.198055	1.5
260	-0.249835	50.443991	0.029704	1.4
261	-0.563785	50.378451	0.106762	1.4
262	-0.388203	50.313138	0.028032	1.5
263	-0.470873	50.248049	0.067565	1.5
264	-0.526679	50.183185	0.058168	1.6
265	-0.257077	50.118544	0.063161	1.4
266	-0.467060	50.054124	0.135152	1.6
267	-0.489644	49.989925	0.055891	1.4
268	-0.645518	49.925945	0.185735	1.4
269	-0.369145	49.862182	0.056968	1.4
270	-0.859707	49.798636	0.066986	1.4
271	-1.138219	49.735306	0.187533	1.4
272	-0.690719	49.672190	0.016788	2.7
273	-0.642109	49.609288	0.135640	1.5
274	-0.524956	49.546597	0.125695	1.6
275	-0.533749	49.484117	0.093190	1.4
276	-0.081281	49.421847	0.024905	1.5
277	-0.679328	49.359785	0.265990	1.4
278	-0.456774	49.297930	0.086073	2.2
279	-0.262328	49.236282	0.064479	2.1
280	-0.205173	49.174839	0.070585	1.4
281	-0.518536	49.113600	0.093517	1.5
282	-0.028564	49.052564	0.003397	1.3
283	-0.218842	48.991730	0.019498	1.3
284	-0.423670	48.931097	0.088526	1.3
285	-0.342373	48.870663	0.042397	1.7
286	-0.123918	48.810428	0.046348	1.5
287	-0.517955	48.750391	0.168592	1.4
288	-0.769972	48.690550	0.051123	3.0
289	-0.438303	48.630905	0.098616	2.5
290	-1.243184	48.571454	0.076812	2.4
291	-0.401766	48.512196	0.102461	2.1
292	-0.900895	48.453131	0.089789	1.5
293	-1.221778	48.394257	0.325676	1.7
294	-0.596988	48.335574	0.020448	1.5
295	-0.331171	48.277079	0.013075	1.4
296	-0.665925	48.218774	0.185013	1.3
297	-0.288686	48.160656	0.068745	2.3
298	-0.456458	48.102724	0.081616	2.0
299	-0.558664	48.044977	0.128723	1.7
300	-0.612604	47.987415	0.052523	1.4
301	-0.517189	47.930037	0.060910	1.4
302	-0.342897	47.872841	0.066256	1.4
303	-0.000000	47.815827	0.000000	1.2
304	-0.219233	47.758994	0.032229	1.4
305	-0.398898	47.702340	0.118683	1.4
306	-0.362998	47.645865	0.036229	1.2
307	-0.295643	47.589569	0.055347	1.5
308	-0.003199	47.533449	0.006074	2.1
309	-0.149147	47.477505	0.025595	1.5
310	-0.298495	47.421737	0.044911	1.4
311	-0.834825	47.366143	0.185189	1.5
312	-0.399976	47.310722	0.056971	1.4
313	-0.213244	47.255474	0.057844	1.4
314	-0.343524	47.200398	0.097840	1.4
315	-0.739858	47.145492	0.162082	1.3
316	-0.545474	47.090757	0.050938	1.4
317	-1.110968	47.036190	0.139360	1.4
318	-0.853236	46.981792	0.127195	2.3
319	-0.424930	46.927562	0.055815	1.8
320	-0.320531	46.873498	0.015385	1.6
321	-0.596025	46.819599	0.065491	1.6
322	-0.405107	46.765866	0.126920	1.4
323	-0.358880	46.712297	0.075178	1.2
324	-1.222680	46.658891	0.300065	1.4
325	-0.311057	46.605648	0.039267	1.4
326	-0.209297	46.552566	0.010879	1.3
327	-0.295140	46.499646	0.077084	1.3
328	-0.487497	46.446885	0.074189	2.4
329	-0.616096	46.394284	0.209845	1.9
330	-0.824359	46.341841	0.133330	1.9
331	-0.146033	46.289556	0.051186	1.7
332	-0.282796	46.237428	0.067862	1.4
333	-0.355853	46.185457	0.047782	1.4
334	-0.677628	46.133640	0.102362	9.5
335	-0.424274	46.081979	0.131811	3.2
336	-0.877545	46.030472	0.118470	2.2
337	-0.664214	45.979117	0.174046	7.9
338	-1.241826	45.927916	0.150143	3.5
339	-0.520683	45.876866	0.093238	2.0
340	-0.683778	45.825967	0.153581	2.1
341	-0.512127	45.775218	0.129350	1.8
342	-0.508221	45.724619	0.147692	4.8
343	-0.793814	45.674169	0.283203	2.7
344	-0.181668	45.623867	0.026033	1.3
345	-0.473113	45.573713	0.050252	1.6
346	-0.099593	45.523705	0.030463	1.6
347	-0.270136	45.473843	0.047086	1.2
348	-0.477032	45.424127	0.077700	1.1
349	-0.687424	45.374555	0.198614	2.0
350	-0.510896	45.325128	0.129483	2.1
351	-0.098407	45.275843	0.020825	3.1
352	-0.202154	45.226702	0.032929	1.5
353	-0.874023	45.177702	0.143416	5.8
354	-0.468101	45.128844	0.051808	1.2
355	-0.217255	45.080126	0.052776	1.5
356	-1.049088	45.031548	0.205777	1.4
357	-0.808739	44.983110	0.180695	1.4
358	-0.078079	44.934810	0.022282	1.3
359	-0.383915	44.886648	0.120470	1.8
360	-0.470093	44.838624	0.027588	1.8
361	-0.562180	44.790737	0.120508	1.4
362	-0.652867	44.742985	0.107368	1.5
363	-0.506494	44.695370	0.148652	1.8
364	-0.394633	44.647889	0.086387	1.6
365	-0.424727	44.600542	0.139411	1.6
366	-0.880237	44.553329	0.207259	2.8
367	-0.265181	44.506249	0.075324	1.5
368	-0.671040	44.459302	0.032713	1.4
369	-0.464379	44.412486	0.055480	1.4
370	-0.586511	44.365801	0.227660	2.5
371	-0.474246	44.319248	0.137236	2.2
372	-0.169580	44.272824	0.011889	1.8
373	-0.548580	44.226529	0.152827	1.9
374	-0.401473	44.180364	0.040120	1.9
375	-0.474968	44.134327	0.140012	1.9
376	-0.588861	44.088417	0.199473	1.9
377	-0.408450	44.042635	0.063271	1.8
378	-0.661703	43.996979	0.200455	3.5
379	-0.099473	43.951449	0.006331	3.1
380	-0.307340	43.906045	0.088079	1.8
381	-1.006097	43.860765	0.139798	2.0
382	-0.501708	43.815610	0.085041	1.8
383	-0.519923	43.770579	0.187328	1.4
384	-0.768218	43.725670	0.113879	1.5
385	-0.429492	43.680885	0.035747	1.9
386	-0.863067	43.636221	0.264164	1.7
387	-0.633205	43.591679	0.073069	1.7
388	-0.283631	43.547258	0.045682	1.7
389	-0.377358	43.502958	0.038147	2.3
390	-0.596059	43.458778	0.195374	1.5
391	-0.313777	43.414717	0.091124	1.4
392	-0.695520	43.370775	0.049817	1.5
393	-0.811145	43.326951	0.131891	1.4
394	-0.390393	43.283245	0.101123	1.5
395	-0.477520	43.239657	0.092630	3.2
396	-0.796704	43.196185	0.235927	2.9
397	-0.822969	43.152830	0.155112	3.5
398	-0.716045	43.109591	0.035054	2.8
399	-0.821146	43.066467	0.125388	1.4
400	-0.841225	43.023458	0.285436	1.5
401	-0.745056	42.980563	0.139722	1.5
402	-0.475468	42.937782	0.079155	1.5
403	-0.551121	42.895115	0.137237	1.7
404	-0.245607	42.852560	0.058034	1.5
405	-0.485456	42.810118	0.102312	1.4
406	-0.000000	42.767787	0.000000	1.3
407	-0.011858	42.725568	0.011656	1.4
408	-0.694722	42.683460	0.168007	1.5
409	-0.259545	42.641463	0.052575	1.7
410	-0.604810	42.599575	0.040216	1.7
411	-0.407103	42.557797	0.076556	1.6
412	-1.221303	42.516128	0.253694	1.6
413	-0.213763	42.474568	0.067477	1.7
414	-0.356262	42.433116	0.114438	1.6
415	-0.718303	42.391772	0.156510	3.7
416	-0.481868	42.350535	0.146774	5.5
417	-0.521961	42.309404	0.076507	5.4
418	-0.000607	42.268380	0.000184	4.1
419	-0.892759	42.227462	0.162644	3.5
420	-0.496992	42.186650	0.064336	1.7
421	-0.696997	42.145942	0.180112	2.6
422	-0.943530	42.105339	0.088467	2.0
423	-0.780519	42.064840	0.190623	3.9
424	-0.613515	42.024445	0.058757	2.1
425	-0.297440	41.984153	0.067582	3.1
426	-0.503045	41.943964	0.017766	1.9
427	-0.325445	41.903877	0.081828	3.5
428	-0.579393	41.863893	0.166939	2.6
429	-0.461839	41.824010	0.095620	2.3
430	-0.879786	41.784228	0.122119	2.0
431	-1.014061	41.744547	0.316760	7.7
432	-0.240158	41.704966	0.021935	1.3
433	-0.207229	41.665485	0.025835	1.6
434	-1.227623	41.626104	0.362055	4.7
435	-0.420015	41.586821	0.029527	1.4
436	-0.232686	41.547638	0.028232	1.4
437	-0.257222	41.508552	0.068281	2.4
438	-0.533164	41.469565	0.045605	2.2
439	-0.575340	41.430675	0.156883	2.1
440	-0.364098	41.391882	0.093082	2.0
441	-0.524685	41.353186	0.052004	2.3
442	-0.855804	41.314587	0.102141	2.1
443	-0.755595	41.276083	0.133902	1.9
444	-0.680057	41.237675	0.145808	1.4
445	-0.600913	41.199361	0.071961	1.4
446	-0.407743	41.161143	0.042658	1.6
447	-0.544850	41.123019	0.112627	1.5
448	-0.487113	41.084989	0.068069	1.8
449	-0.782532	41.047053	0.132443	2.1
450	-0.023703	41.009210	0.010465	2.0
451	-0.384143	40.971460	0.105584	1.8
452	-0.335516	40.933802	0.066390	1.6
453	-0.270089	40.896237	0.071518	1.3
454	-0.341877	40.858763	0.037140	1.6
455	-0.794362	40.821381	0.261093	1.4
456	-0.841746	40.784090	0.291267	1.8
457	-0.093187	40.746889	0.022337	1.4
458	-0.855475	40.709779	0.161703	1.4
459	-0.371232	40.672759	0.051221	1.4
460	-0.305814	40.635829	0.044030	1.4
461	-0.281068	40.598987	0.049074	1.4
462	-0.429293	40.562235	0.102077	1.4
463	-0.494091	40.525571	0.099110	1.4
464	-0.844411	40.488996	0.207607	2.9
465	-0.600648	40.452509	0.117055	1.5
466	-0.265353	40.416109	0.021145	3.2
467	-0.285762	40.379796	0.025572	2.0
468	-0.315911	40.343570	0.084577	1.7
469	-1.155784	40.307431	0.162588	2.1
470	-0.395548	40.271377	0.176988	1.5
471	-0.471053	40.235410	0.063767	1.4
472	-0.704843	40.199528	0.224472	1.4
473	-0.636727	40.163732	0.109204	1.4
474	-0.441341	40.128020	0.077788	1.4
475	-0.981237	40.092393	0.224149	1.3
476	-0.449622	40.056850	0.026927	1.3
477	-0.493565	40.021391	0.044473	1.5
478	-0.623627	39.986016	0.224345	1.4
479	-0.000803	39.950723	0.000201	1.4
480	-0.806323	39.915514	0.184274	1.4
481	-0.827060	39.880388	0.192874	1.4
482	-0.818480	39.845343	0.194397	1.3
483	-0.286023	39.810381	0.061332	1.3
484	-0.211604	39.775500	0.015927	1.4
485	-0.382027	39.740701	0.092173	1.5
486	-0.583211	39.705983	0.045070	2.1
487	-0.481361	39.671346	0.052812	1.5
488	-0.220058	39.636789	0.047118	1.4
489	-0.612514	39.602312	0.056560	1.4
490	-0.608811	39.567915	0.068629	1.2
491	-0.968911	39.533598	0.124389	1.7
492	-0.517430	39.499360	0.061514	1.6
493	-0.610774	39.465200	0.191638	1.5
494	-0.615349	39.431120	0.180686	1.4
495	-0.696911	39.397118	0.148839	1.4
496	-0.577684	39.363194	0.093658	1.4
497	-1.013147	39.329348	0.317482	1.4
498	-0.260764	39.295579	0.071681	1.3
499	-0.474044	39.261887	0.122740	1.4
500	-0.269454	39.228273	0.057873	1.4
501	-0.387873	39.194735	0.075522	1.4
502	-0.099034	39.161273	0.013863	1.4
503	-0.341173	39.127887	0.054416	1.4
504	-0.265463	39.094578	0.085423	1.4
505	-0.642452	39.061343	0.174309	1.4
506	-0.936635	39.028184	0.146325	1.5
507	-0.564317	38.995100	0.222991	2.1
508	-0.476808	38.962091	0.076577	1.4
509	-1.216345	38.929156	0.248674	1.4
510	-0.829832	38.896295	0.115712	1.4
511	-0.648121	38.863508	0.176647	1.4
512	-0.496777	38.830795	0.154391	1.3
513	-0.363940	38.798155	0.093365	1.5
514	-0.459292	38.765588	0.178443	1.6
515	-0.557059	38.733093	0.156368	1.4
516	-0.685862	38.700672	0.058223	1.4
517	-0.337837	38.668322	0.075293	1.3
518	-1.201138	38.636045	0.354832	1.4
519	-0.317346	38.603839	0.068858	1.4
520	-0.295087	38.571705	0.056637	1.3
521	-0.592903	38.539642	0.063441	1.4
522	-0.257364	38.507650	0.059746	2.8
523	-1.054523	38.475729	0.286210	1.4
524	-0.946749	38.443878	0.073287	1.3
525	-0.000000	38.412098	0.000000	1.2
526	-0.599743	38.380387	0.125604	1.5
527	-0.257736	38.348746	0.054017	2.1
528	-0.383737	38.317175	0.085725	2.5
529	-1.173842	38.285672	0.316140	7.9
530	-0.701554	38.254239	0.056498	8.8
531	-1.053305	38.222875	0.197349	1.9
532	-0.160163	38.191579	0.035862	2.9
533	-0.360523	38.160351	0.037402	3.2
534	-0.447784	38.129191	0.080014	5.4
535	-0.336545	38.098099	0.092373	7.2
536	-0.865989	38.067075	0.100529	2.3
537	-0.658445	38.036117	0.172864	2.1
538	-0.914667	38.005227	0.153435	4.3
539	-0.205484	37.974404	0.034317	2.5
540	-0.448262	37.943647	0.033038	2.0
541	-0.192747	37.912956	0.081369	3.0
542	-0.334792	37.882332	0.026359	4.5
543	-0.366740	37.851774	0.058075	1.9
544	-0.571087	37.821281	0.078346	1.7
545	-0.598826	37.790853	0.178449	5.5
546	-0.411980	37.760491	0.130176	6.9
547	-0.507225	37.730194	0.062404	2.0
548	-0.559761	37.699961	0.083446	1.6
549	-0.590890	37.669793	0.061419	1.7
550	-0.279716	37.639690	0.095051	3.0
551	-1.126325	37.609650	0.329692	1.7
552	-0.190267	37.579674	0.057038	1.3
553	-0.864168	37.549762	0.204470	1.5
554	-0.638640	37.519913	0.132571	2.4
555	-0.837781	37.490128	0.220919	1.4
556	-0.270207	37.460405	0.051425	1.5
557	-0.467245	37.430745	0.152742	1.6
558	-0.823402	37.401148	0.323048	1.6
559	-0.230816	37.371613	0.027930	1.4
560	-0.425136	37.342140	0.122003	1.4
561	-0.380757	37.312729	0.043558	1.5
562	-0.871766	37.283380	0.073646	1.5
563	-0.118038	37.254092	0.016656	1.8
564	-0.439755	37.224865	0.113557	1.3
565	-0.664107	37.195700	0.123331	2.7
566	-0.476433	37.166595	0.118154	1.7
567	-0.850028	37.137551	0.090554	1.4
568	-0.653104	37.108568	0.091323	1.4
569	-0.239978	37.079644	0.051354	5.3
570	-0.235213	37.050781	0.064274	2.9
571	-0.979605	37.021978	0.191501	1.8
572	-0.660313	36.993234	0.156798	1.7
573	-0.628354	36.964550	0.158150	1.4
574	-0.166287	36.935925	0.042462	1.7
575	-0.440220	36.907358	0.119594	1.9
576	-0.453505	36.878851	0.119570	1.4
577	-0.000165	36.850403	0.000241	1.5
578	-0.848283	36.822012	0.277692	1.5
579	-0.534598	36.793681	0.060931	1.6
580	-1.050712	36.765407	0.072726	1.4
581	-0.869046	36.737191	0.097903	1.3
582	-0.705789	36.709033	0.200703	1.7
583	-0.296303	36.680932	0.062590	1.4
584	-0.268049	36.652888	0.019731	1.4
585	-0.869694	36.624902	0.084908	1.4
586	-0.829254	36.596972	0.169573	1.3
587	-0.599633	36.569099	0.103619	1.5
588	-0.886607	36.541283	0.181650	1.9
589	-0.515215	36.513523	0.161450	2.2
590	-0.920069	36.485820	0.352981	1.4
591	-0.419618	36.458172	0.045773	1.4
592	-0.795251	36.430580	0.070324	2.2
593	-0.444703	36.403043	0.061838	1.4
594	-0.253042	36.375563	0.026627	1.4
595	-0.418257	36.348137	0.030038	1.5
596	-0.224750	36.320766	0.061066	1.5
597	-0.697169	36.293451	0.097628	1.5
598	-0.584567	36.266190	0.130261	1.9
599	-0.916024	36.238983	0.262417	1.8
600	-0.659594	36.211831	0.142900	1.4
601	-0.560169	36.184733	0.096658	1.4
602	-0.641363	36.157689	0.094437	1.7
603	-0.309476	36.130699	0.061193	1.5
604	-1.012925	36.103763	0.127343	2.0
605	-1.013693	36.076880	0.214881	2.0
606	-0.413666	36.050050	0.093888	3.0
607	-0.684837	36.023274	0.133875	2.0
608	-0.872511	35.996550	0.197317	4.3
609	-0.698400	35.969880	0.204945	4.1
610	-0.567960	35.943262	0.148340	3.7
611	-1.411941	35.916696	0.261286	3.7
612	-0.367163	35.890183	0.051859	3.8
613	-0.428661	35.863721	0.064408	4.9
614	-0.768912	35.837312	0.201575	5.7
615	-0.197931	35.810955	0.037028	10.9
616	-0.000008	35.784649	0.000015	1.9
617	-0.449914	35.758395	0.174404	2.0
618	-0.437506	35.732192	0.123434	1.6
619	-0.320039	35.706040	0.042716	1.5
620	-0.864014	35.679939	0.212888	1.5
621	-0.706138	35.653889	0.104208	1.4
622	-0.862397	35.627889	0.190385	1.3
623	-0.535575	35.601940	0.087838	1.4
624	-0.541706	35.576042	0.170950	1.3
625	-1.045023	35.550193	0.184278	1.4
626	-0.809467	35.524395	0.232239	2.7
627	-0.447453	35.498646	0.030690	1.4
628	-0.280561	35.472948	0.051770	1.4
629	-0.398619	35.447298	0.084432	1.4
630	-0.811548	35.421698	0.421799	1.4
631	-0.128709	35.396148	0.029586	1.1
632	-0.581015	35.370646	0.111670	1.4
633	-0.121750	35.345194	0.020872	1.4
634	-0.300120	35.319790	0.093060	2.4
635	-0.304018	35.294435	0.075696	1.4
636	-1.229485	35.269128	0.224463	1.5
637	-0.168377	35.243870	0.028644	1.4
638	-0.385101	35.218659	0.036195	1.4
639	-0.853791	35.193497	0.185326	1.4
640	-0.199579	35.168383	0.045564	1.4
641	-0.268829	35.143316	0.038542	1.4
642	-0.583746	35.118297	0.063977	1.4
643	-0.692308	35.093326	0.223334	1.4
644	-0.401894	35.068402	0.058269	1.3
645	-0.443317	35.043524	0.071987	1.4
646	-0.219262	35.018694	0.015317	2.3
647	-0.189542	34.993911	0.054721	1.4
648	-0.420120	34.969175	0.088829	1.4
649	-0.455033	34.944485	0.056171	1.4
650	-0.157627	34.919841	0.046694	1.3
651	-0.415016	34.895244	0.089587	1.4
652	-0.966902	34.870693	0.396385	1.4
653	-0.439453	34.846188	0.070384	1.4
654	-0.391179	34.821729	0.062784	1.3
655	-0.386375	34.797315	0.060540	1.4
656	-0.355977	34.772947	0.030451	1.8
657	-0.926232	34.748625	0.301156	1.4
658	-0.463052	34.724348	0.092631	1.4
659	-0.325044	34.700116	0.036387	1.4
660	-0.195737	34.675929	0.040907	1.4
661	-0.564457	34.651787	0.049821	1.4
662	-1.003769	34.627690	0.190093	1.4
663	-0.333173	34.603637	0.083762	4.5
664	-0.607527	34.579629	0.127546	3.6
665	-0.975416	34.555665	0.070533	2.5
666	-0.299382	34.531746	0.087972	2.6
667	-0.943068	34.507871	0.067055	2.0
668	-0.148253	34.484039	0.023489	2.2
669	-1.221175	34.460252	0.109387	1.8
670	-0.434265	34.436508	0.132476	1.8
671	-0.559642	34.412807	0.189507	1.5
672	-0.863785	34.389151	0.104095	1.9
673	-0.271314	34.365537	0.083472	1.5
674	-0.847016	34.341967	0.285815	1.4
675	-0.045258	34.318440	0.006127	1.9
676	-0.040792	34.294955	0.024760	1.4
677	-0.798881	34.271514	0.091708	1.9
678	-0.955343	34.248115	0.232136	1.9
679	-0.441096	34.224759	0.208758	3.6
680	-0.418956	34.201445	0.073461	2.5
681	-0.860827	34.178173	0.259954	1.6
682	-0.332985	34.154944	0.041717	1.4
683	-0.591335	34.131756	0.143098	1.4
684	-0.390688	34.108611	0.080356	5.2
685	-0.292566	34.085507	0.067346	1.9
686	-0.637710	34.062445	0.115195	1.9
687	-1.161689	34.039425	0.405875	1.9
688	-0.091561	34.016446	0.008529	1.8
689	-0.120258	33.993509	0.011957	2.1
690	-0.303298	33.970612	0.049411	1.7
691	-1.115106	33.947757	0.081958	2.2
692	-0.099904	33.924943	0.004598	3.3
693	-0.375887	33.902169	0.054163	2.4
694	-0.708741	33.879436	0.066940	1.5
695	-0.742080	33.856744	0.087595	3.4
696	-0.295324	33.834092	0.027663	1.5
697	-0.709071	33.811481	0.072642	1.5
698	-0.493822	33.788910	0.099797	1.4
699	-0.651745	33.766379	0.143999	1.5
700	-0.636540	33.743888	0.132600	2.6
701	-0.322348	33.721437	0.042404	2.2
702	-0.654912	33.699026	0.089865	2.9
703	-0.770115	33.676654	0.261125	2.1
704	-0.279318	33.654322	0.062452	1.8
705	-0.436361	33.632030	0.080799	1.4
706	-0.148937	33.609776	0.053392	1.5
707	-0.632489	33.587562	0.124327	2.3
708	-0.260490	33.565388	0.068572	1.6
709	-0.067716	33.543252	0.010632	1.5
710	-0.192370	33.521155	0.049572	1.7
711	-0.047635	33.499096	0.028339	2.5
712	-0.317637	33.477077	0.085644	2.2
713	-0.216457	33.455096	0.046740	2.6
714	-0.296026	33.433153	0.034016	2.3
715	-1.618384	33.411249	0.436750	1.5
716	-0.474306	33.389383	0.092518	1.4
717	-0.226465	33.367555	0.022004	1.6
718	-0.388477	33.345765	0.037607	1.4
719	-0.908851	33.324013	0.140623	1.4
720	-0.491265	33.302299	0.190273	1.5
721	-0.540225	33.280623	0.167814	1.7
722	-1.026368	33.258984	0.117549	6.3
723	-0.517483	33.237382	0.080159	9.8
724	-0.500581	33.215818	0.077763	9.6
725	-0.562887	33.194292	0.143687	1.6
726	-0.507314	33.172802	0.154217	1.6
727	-0.622915	33.151349	0.050664	1.6
728	-0.568385	33.129934	0.020418	1.9
729	-0.683527	33.108555	0.045137	4.5
730	-0.974066	33.087213	0.261572	1.6
731	-0.688185	33.065908	0.083351	6.4
732	-0.456483	33.044639	0.111476	3.9
733	-0.000052	33.023406	0.000004	2.7
734	-0.569797	33.002210	0.283433	2.8
735	-0.118303	32.981051	0.032594	3.1
736	-0.445872	32.959927	0.114432	2.7
737	-0.383774	32.938839	0.057660	1.9
738	-0.693414	32.917788	0.191131	4.7
739	-0.498183	32.896772	0.030389	1.4
740	-0.359246	32.875792	0.069127	1.3
741	-0.823703	32.854847	0.203036	1.3
742	-0.178326	32.833938	0.046219	1.2
743	-0.652059	32.813065	0.102753	1.1
744	-0.544672	32.792227	0.064816	1.1
745	-0.945585	32.771424	0.206318	1.1
746	-0.413221	32.750656	0.027067	1.2
747	-0.657176	32.729924	0.176460	1.1
748	-0.897754	32.709226	0.197549	2.1
749	-0.165164	32.688563	0.036321	1.3
750	-0.408785	32.667935	0.094233	1.3
751	-0.660057	32.647342	0.155172	1.4
752	-0.472155	32.626783	0.122719	1.4
753	-0.591259	32.606259	0.224513	1.4
754	-0.475007	32.585769	0.061082	1.7
755	-0.441302	32.565313	0.157276	1.3
756	-0.599064	32.544892	0.131494	1.3
757	-0.856098	32.524505	0.159030	1.4
758	-0.423865	32.504151	0.036781	3.1
759	-0.862131	32.483832	0.214098	1.5
760	-0.305063	32.463547	0.032824	1.6
761	-0.217712	32.443295	0.092659	1.4
762	-0.497374	32.423077	0.108653	1.8
763	-0.737616	32.402892	0.164508	1.8
764	-1.402206	32.382741	0.209961	1.9
765	-0.441296	32.362623	0.059722	1.9
766	-0.560562	32.342539	0.197547	1.9
767	-0.215601	32.322488	0.082689	1.8
768	-0.020889	32.302470	0.006927	2.8
769	-0.923563	32.282485	0.197600	2.3
770	-0.669069	32.262533	0.189341	1.4
771	-1.101774	32.242613	0.313599	1.4
772	-0.417270	32.222727	0.026565	1.4
773	-0.674601	32.202873	0.147634	1.4
774	-0.813895	32.183052	0.200004	1.4
775	-0.677681	32.163263	0.057245	2.6
776	-0.888792	32.143507	0.205414	1.6
777	-0.948557	32.123783	0.190951	1.7
778	-0.539808	32.104091	0.113885	1.4
779	-0.674024	32.084432	0.167891	1.4
780	-0.918655	32.064804	0.263079	1.4
781	-0.961855	32.045209	0.164668	1.4
782	-0.078878	32.025645	0.033854	1.4
783	-0.240466	32.006113	0.050184	1.2
784	-0.675090	31.986613	0.079554	1.4
785	-0.405869	31.967145	0.085293	1.4
786	-0.477978	31.947708	0.138791	1.5
787	-0.444389	31.928302	0.139623	1.4
788	-0.445267	31.908928	0.063696	1.5
789	-0.871865	31.889586	0.143201	1.4
790	-0.807896	31.870274	0.182181	1.4
791	-0.705520	31.850994	0.179053	1.4
792	-0.297345	31.831745	0.076150	1.4
793	-0.721075	31.812527	0.271869	1.4
794	-0.435604	31.793339	0.064034	1.7
795	-0.257945	31.774183	0.108126	2.5
796	-1.371153	31.755057	0.175229	1.7
797	-0.080112	31.735962	0.006914	1.5
798	-0.686388	31.716898	0.098910	1.9
799	-0.929843	31.697864	0.283855	1.7
800	-0.874971	31.678860	0.228365	1.6
801	-0.953697	31.659887	0.084334	1.4
802	-0.613517	31.640944	0.041404	1.3
803	-0.494222	31.622032	0.090109	1.4
804	-0.843271	31.603149	0.223564	1.3
805	-1.058275	31.584296	0.199306	1.3
806	-0.404127	31.565474	0.035639	1.4
807	-0.887328	31.546681	0.236131	1.4
808	-0.342835	31.527918	0.075805	1.4
809	-0.510115	31.509185	0.142652	1.4
810	-0.933548	31.490482	0.146598	1.4
811	-0.725619	31.471808	0.110655	1.4
812	-0.547107	31.453163	0.144170	1.4
813	-0.718592	31.434548	0.230732	1.4
814	-1.185951	31.415963	0.256456	1.5
815	-0.549016	31.397406	0.168278	2.1
816	-0.516817	31.378879	0.122108	1.4
817	-0.944922	31.360381	0.182109	1.4
818	-0.774685	31.341912	0.262236	1.4
819	-0.327812	31.323472	0.087704	1.4
820	-1.117455	31.305061	0.271327	1.8
821	-0.482386	31.286678	0.115733	1.6
822	-0.008686	31.268325	0.001145	1.4
823	-0.504767	31.250000	0.114803	1.4
824	-0.732714	31.231704	0.169193	1.4
825	-0.177144	31.213436	0.064864	1.4
826	-0.529178	31.195197	0.119435	2.2
827	-0.987114	31.176986	0.218063	1.6
828	-0.614804	31.158803	0.098566	1.4
829	-0.683897	31.140649	0.205448	3.2
830	-0.161229	31.122523	0.004141	1.9
831	-0.593543	31.104425	0.113174	2.1
832	-0.686660	31.086355	0.104976	2.7
833	-0.616947	31.068313	0.094572	3.0
834	-1.157360	31.050299	0.436199	2.1
835	-0.447314	31.032313	0.074199	1.9
836	-0.296392	31.014354	0.104664	2.0
837	-0.142497	30.996423	0.029977	3.6
838	-0.788092	30.978520	0.064567	2.4
839	-0.312847	30.960644	0.049113	4.8
840	-0.992339	30.942796	0.261705	2.7
841	-0.814941	30.924976	0.097632	2.9
842	-0.252435	30.907182	0.055621	3.6
843	-0.246626	30.889416	0.048688	5.8
844	-0.186834	30.871677	0.007514	2.1
845	-0.918712	30.853965	0.192501	3.3
846	-0.647350	30.836280	0.158881	5.2
847	-0.554091	30.818623	0.135906	7.2
848	-0.044682	30.800992	0.000530	3.7
849	-0.826739	30.783388	0.257877	1.4
850	-0.498187	30.765811	0.052653	2.9
851	-0.371050	30.748261	0.117541	1.4
852	-0.447167	30.730737	0.114606	1.6
853	-0.242799	30.713240	0.070818	9.4
854	-0.872247	30.695769	0.173741	3.0
855	-0.397621	30.678325	0.090263	1.3
856	-0.411419	30.660907	0.157457	1.3
857	-0.783230	30.643516	0.377638	1.1
858	-0.960212	30.626151	0.178652	1.3
859	-0.564076	30.608812	0.155851	1.3
860	-0.295748	30.591500	0.037591	1.5
861	-0.468444	30.574213	0.115302	1.1
862	-0.103099	30.556952	0.017121	2.2
863	-0.353611	30.539718	0.067423	3.0
864	-0.962915	30.522509	0.075796	1.8
865	-0.785677	30.505326	0.205837	1.5
866	-0.854957	30.488169	0.390030	1.4
867	-0.151363	30.471038	0.059405	1.4
868	-0.518545	30.453932	0.117390	1.4
869	-0.823373	30.436852	0.096652	1.6
870	-0.359576	30.419797	0.067575	1.5
871	-0.304994	30.402768	0.056779	1.7
872	-0.695745	30.385764	0.172038	1.5
873	-0.196903	30.368786	0.014412	1.9
874	-0.095807	30.351833	0.026348	2.2
875	-0.699764	30.334905	0.066243	1.7
876	-0.659275	30.318002	0.061427	1.6
877	-0.302227	30.301124	0.097444	1.4
878	-0.526280	30.284271	0.088212	1.5
879	-0.050081	30.267444	0.031697	1.3
880	-1.094982	30.250641	0.331407	1.4
881	-0.854503	30.233863	0.073806	1.6
882	-0.300471	30.217110	0.078306	2.7
883	-1.135741	30.200381	0.344263	1.5
884	-0.599300	30.183678	0.119261	1.8
885	-0.370370	30.166998	0.084376	1.5
886	-0.938189	30.150344	0.114693	1.4
887	-0.514053	30.133714	0.120307	1.4
888	-0.430616	30.117108	0.156448	1.6
889	-0.761623	30.100527	0.087615	1.4
890	-0.780362	30.083970	0.143244	1.4
891	-0.089882	30.067437	0.002880	1.5
892	-0.645896	30.050929	0.166950	1.6
893	-0.636347	30.034444	0.181271	1.4
894	-0.207383	30.017984	0.086742	1.5
895	-0.694598	30.001548	0.133579	1.7
896	-0.603059	29.985136	0.129934	1.9
897	-1.019516	29.968747	0.461291	1.4
898	-0.252038	29.952383	0.050930	1.4
899	-0.846967	29.936042	0.126607	1.4
900	-0.828785	29.919725	0.220214	2.6
901	-0.112723	29.903432	0.024728	2.8
902	-0.174466	29.887163	0.017779	1.9
903	-0.525382	29.870917	0.089619	2.2
904	-0.259188	29.854694	0.030365	1.6
905	-0.438477	29.838495	0.098104	1.4
906	-0.831135	29.822320	0.129539	1.4
907	-0.581001	29.806168	0.114875	2.0
908	-0.297836	29.790039	0.069239	1.4
909	-0.241376	29.773933	0.059528	1.4
910	-0.755704	29.757851	0.151721	2.8
911	-0.418748	29.741791	0.088351	2.1
912	-0.245673	29.725755	0.077624	1.6
913	-0.906995	29.709742	0.379743	2.2
914	-0.309934	29.693752	0.046229	1.4
915	-0.369166	29.677785	0.076720	1.9
916	-0.164326	29.661840	0.015879	3.7
917	-0.123409	29.645919	0.013537	2.1
918	-0.310955	29.630020	0.040166	2.5
919	-0.949754	29.614144	0.132846	5.3
920	-0.877456	29.598290	0.199696	2.9
921	-0.712938	29.582460	0.146951	3.9
922	-0.729987	29.566651	0.115263	3.2
923	-0.225061	29.550866	0.053962	7.7
924	-0.739993	29.535102	0.192882	2.2
925	-0.597544	29.519362	0.139815	2.2
926	-0.353019	29.503643	0.165337	4.2
927	-0.996674	29.487947	0.260007	5.4
928	-0.560909	29.472273	0.206292	2.1
929	-0.499568	29.456621	0.110362	2.1
930	-0.552761	29.440992	0.195083	2.1
931	-0.838932	29.425384	0.090383	2.0
932	-0.815415	29.409799	0.106959	2.0
933	-1.255347	29.394235	0.178264	2.2
934	-0.328455	29.378694	0.083088	1.3
935	-0.483606	29.363174	0.153539	1.6
936	-0.634194	29.347676	0.139035	1.5
937	-1.168099	29.332200	0.390626	2.1
938	-0.620359	29.316746	0.040049	1.5
939	-0.798767	29.301313	0.156841	1.5
940	-0.306113	29.285902	0.068284	1.5
941	-0.353438	29.270513	0.034585	1.5
942	-0.253380	29.255145	0.021903	1.5
943	-0.386402	29.239799	0.166681	1.5
944	-0.188990	29.224474	0.054540	1.5
945	-0.404332	29.209171	0.043195	1.9
946	-0.775511	29.193888	0.141151	1.9
947	-1.180211	29.178628	0.219565	1.9
948	-0.646813	29.163388	0.182708	1.9
949	-0.501792	29.148170	0.140906	1.9
950	-1.421003	29.132973	0.201561	1.3
951	-0.575462	29.117797	0.067041	1.4
952	-0.570187	29.102642	0.135584	1.4
953	-1.346062	29.087508	0.374202	1.4
954	-0.972068	29.072395	0.232711	1.4
955	-0.266437	29.057303	0.021142	1.5
956	-0.921162	29.042231	0.158350	2.1
957	-0.723091	29.027181	0.209629	1.5
958	-0.148395	29.012151	0.042817	1.6
959	-0.370951	28.997142	0.052644	1.5
960	-0.445143	28.982154	0.033738	1.5
961	-0.881192	28.967187	0.228763	1.5
962	-0.391826	28.952240	0.054183	4.6
963	-0.254521	28.937313	0.123956	2.1
964	-0.510974	28.922407	0.178509	2.7
965	-0.513013	28.907522	0.082076	3.2
966	-0.657720	28.892657	0.197339	3.4
967	-0.213927	28.877812	0.057801	1.3
968	-0.623635	28.862988	0.145560	1.6
969	-1.182404	28.848184	0.267559	1.6
970	-0.393216	28.833400	0.112052	2.1
971	-0.350539	28.818636	0.108255	1.5
972	-0.580155	28.803893	0.224189	1.4
973	-0.581973	28.789170	0.102330	1.9
974	-0.917599	28.774466	0.230885	1.7
975	-0.767220	28.759783	0.073589	1.4
976	-0.959630	28.745119	0.209064	1.8
977	-0.428326	28.730476	0.087323	1.5
978	-0.962130	28.715852	0.303914	1.6
979	-0.475255	28.701249	0.106722	3.2
980	-0.000000	28.686665	0.000000	2.3
981	-1.041969	28.672100	0.248989	2.0
982	-0.316022	28.657556	0.073387	1.8
983	-0.553216	28.643031	0.230277	1.4
984	-0.632348	28.628526	0.138383	1.4
985	-0.553405	28.614040	0.067707	1.5
986	-0.600315	28.599574	0.140254	1.7
987	-0.600257	28.585127	0.032753	2.1
988	-0.186017	28.570700	0.017615	1.5
989	-1.347946	28.556292	0.159867	2.4
990	-0.713278	28.541904	0.168419	1.4
991	-0.320786	28.527535	0.020071	1.4
992	-0.577581	28.513185	0.164932	1.4
993	-0.500110	28.498854	0.027699	1.4
994	-0.523681	28.484543	0.132969	1.3
995	-0.794670	28.470250	0.187026	1.8
996	-0.707002	28.455977	0.248779	1.4
997	-0.490098	28.441723	0.049983	1.6
998	-0.778923	28.427488	0.104804	1.3
999	-1.334831	28.413272	0.280334	1.3
1000	-0.630968	28.399075	0.108480	1.4
1001	-0.729609	28.384897	0.314162	1.4
1002	-0.117927	28.370737	0.039217	1.9
1003	-0.864470	28.356597	0.213948	1.9
1004	-0.265896	28.342475	0.085342	1.8
1005	-0.712458	28.328372	0.074297	1.5
1006	-0.870659	28.314287	0.137932	2.2
1007	-0.771324	28.300222	0.293938	2.1
1008	-1.236696	28.286174	0.133037	2.4
1009	-0.373478	28.272146	0.096175	2.1
1010	-0.674704	28.258136	0.196798	1.7
1011	-0.331686	28.244144	0.094126	1.5
1012	-0.452547	28.230171	0.136239	1.7
1013	-0.723822	28.216217	0.072951	1.7
1014	-0.745983	28.202281	0.261243	1.6
1015	-0.256601	28.188363	0.019665	1.5
1016	-0.210973	28.174463	0.051668	1.4
1017	-0.227068	28.160582	0.074746	1.4
1018	-0.334690	28.146719	0.020828	1.9
1019	-0.534858	28.132874	0.189425	2.5
1020	-0.815180	28.119047	0.191214	1.4
1021	-0.475917	28.105238	0.125543	1.4
1022	-0.608014	28.091448	0.180457	2.8
1023	-0.663340	28.077675	0.140800	1.5
1024	-0.815522	28.063921	0.157193	1.6
1025	-0.501950	28.050184	0.115984	1.6
1026	-0.654806	28.036465	0.268973	1.4
1027	-0.708219	28.022764	0.138860	2.2
1028	-0.816379	28.009081	0.199287	1.4
1029	-0.333343	27.995416	0.161571	1.8
1030	-0.740190	27.981769	0.226431	2.0
1031	-1.323942	27.968139	0.294803	1.9
1032	-0.681391	27.954527	0.075095	3.3
1033	-0.598842	27.940933	0.203139	3.5
1034	-0.767100	27.927356	0.188758	3.2
1035	-0.571981	27.913797	0.144525	5.9
1036	-0.557335	27.900255	0.159549	6.4
1037	-0.866203	27.886731	0.273172	2.6
1038	-0.493654	27.873224	0.093608	1.8
1039	-0.346771	27.859735	0.048305	2.8
1040	-0.603538	27.846263	0.166694	1.5
1041	-0.585317	27.832809	0.178336	3.1
1042	-0.591201	27.819372	0.153536	1.5
1043	-0.774944	27.805952	0.142850	1.5
1044	-0.365999	27.792549	0.059168	8.3
1045	-0.379797	27.779164	0.262954	1.4
1046	-0.681362	27.765796	0.157881	2.3
1047	-1.270203	27.752445	0.506835	2.0
1048	-0.253806	27.739111	0.073562	1.4
1049	-0.710813	27.725794	0.233694	1.4
1050	-0.595071	27.712494	0.134300	2.2
1051	-0.199399	27.699211	0.058912	2.0
1052	-1.069996	27.685945	0.126193	2.0
1053	-0.593195	27.672696	0.159458	2.0
1054	-0.013103	27.659464	0.000446	1.8
1055	-0.101110	27.646249	0.007526	2.0
1056	-0.253082	27.633050	0.007307	2.2
1057	-0.102581	27.619869	0.031352	1.3
1058	-0.415870	27.606704	0.069252	1.6
1059	-0.000373	27.593556	0.000465	3.7
1060	-0.197530	27.580424	0.031296	1.5
1061	-0.696299	27.567310	0.143742	1.4
1062	-0.291758	27.554211	0.095507	1.4
1063	-0.348216	27.541130	0.039549	1.2
1064	-0.594444	27.528065	0.076202	1.5
1065	-1.053862	27.515016	0.308154	1.4
1066	-0.004531	27.501984	0.003246	1.4
1067	-0.754665	27.488968	0.277468	1.8
1068	-0.571468	27.475969	0.018743	1.7
1069	-0.566083	27.462986	0.076264	1.5
1070	-0.541139	27.450020	0.108851	1.4
1071	-0.442771	27.437070	0.141295	1.5
1072	-0.476676	27.424136	0.128529	1.3
1073	-0.244756	27.411218	0.033104	1.5
1074	-0.406604	27.398317	0.074362	1.4
1075	-0.785745	27.385432	0.231128	1.5
1076	-0.821243	27.372563	0.257533	1.4
1077	-0.248397	27.359710	0.071518	1.4
1078	-0.687314	27.346873	0.180257	3.5
1079	-0.388842	27.334052	0.111766	1.4
1080	-0.000029	27.321247	0.000023	1.5
1081	-0.518791	27.308458	0.147170	1.4
1082	-0.931755	27.295685	0.096337	1.4
1083	-0.738265	27.282928	0.073225	1.4
1084	-0.838041	27.270187	0.117356	1.7
1085	-0.541832	27.257462	0.206617	1.7
1086	-1.073075	27.244753	0.181126	1.4
1087	-0.875984	27.232059	0.247288	1.4
1088	-0.590321	27.219381	0.070279	1.8
1089	-1.473001	27.206719	0.207725	1.8
1090	-0.353974	27.194072	0.045402	1.6
1091	-0.887119	27.181442	0.334253	1.6
1092	-0.632819	27.168827	0.134460	1.4
1093	-0.699917	27.156227	0.233244	1.3
1094	-0.728249	27.143643	0.172976	1.4
1095	-0.784826	27.131075	0.171606	1.4
1096	-1.003269	27.118522	0.303817	2.8
1097	-0.277605	27.105984	0.044599	2.4
1098	-0.864559	27.093462	0.090481	1.4
1099	-0.341421	27.080956	0.073282	1.5
1100	-0.222596	27.068464	0.010051	1.4
1101	-1.288574	27.055988	0.259994	1.4
1102	-0.709463	27.043528	0.068723	1.5
1103	-0.331840	27.031083	0.025432	1.3
1104	-0.807314	27.018653	0.143979	1.4
1105	-0.636719	27.006238	0.056108	1.3
1106	-0.703309	26.993838	0.194485	1.4
1107	-0.425855	26.981454	0.061745	1.4
1108	-0.509308	26.969085	0.165881	1.4
1109	-0.769297	26.956731	0.301116	1.4
1110	-0.199851	26.944392	0.050574	1.3
1111	-0.271050	26.932068	0.083349	1.4
1112	-1.443159	26.919759	0.496151	1.4
1113	-0.749860	26.907465	0.110692	1.4
1114	-0.373821	26.895185	0.036671	1.3
1115	-0.266432	26.882921	0.016593	2.7
1116	-0.889533	26.870672	0.118032	1.4
1117	-0.770132	26.858438	0.064189	1.4
1118	-0.731268	26.846218	0.103707	1.5
1119	-0.444210	26.834014	0.128602	1.7
1120	-0.208231	26.821824	0.030602	1.4
1121	-0.922869	26.809649	0.149316	1.5
1122	-0.215918	26.797488	0.026386	1.4
1123	-0.681960	26.785343	0.058953	1.4
1124	-0.359008	26.773211	0.029096	1.4
1125	-0.450375	26.761095	0.097585	1.5
1126	-0.511770	26.748993	0.107366	1.4
1127	-1.290334	26.736906	0.269287	1.3
1128	-0.515167	26.724833	0.116196	1.3
1129	-0.630086	26.712775	0.136830	1.4
1130	-0.233584	26.700732	0.049891	1.3
1131	-0.352133	26.688703	0.074233	1.4
1132	-0.436749	26.676688	0.069048	1.4
1133	-0.001789	26.664687	0.002989	1.2
1134	-0.296947	26.652702	0.122385	1.4
1135	-0.693515	26.640730	0.219913	3.3
1136	-0.516248	26.628773	0.099321	1.4
1137	-0.899122	26.616830	0.396957	1.4
1138	-0.529726	26.604901	0.075225	1.4
1139	-1.223245	26.592987	0.163327	3.0
1140	-0.317805	26.581087	0.097818	4.2
1141	-0.673045	26.569201	0.143727	2.1
1142	-0.000000	26.557329	0.000000	1.9
1143	-0.655390	26.545471	0.171955	1.9
1144	-0.303090	26.533627	0.047591	1.9
1145	-0.590363	26.521798	0.191436	5.5
1146	-0.868255	26.509982	0.241893	4.9
1147	-0.590542	26.498181	0.119197	1.7
1148	-0.012400	26.486393	0.000450	4.5
1149	-0.737585	26.474620	0.113009	4.8
1150	-0.784658	26.462860	0.169073	2.3
1151	-0.822850	26.451115	0.150590	2.4
1152	-0.712640	26.439383	0.167522	3.4
1153	-0.129187	26.427665	0.029171	3.2
1154	-0.449310	26.415961	0.187731	3.4
1155	-0.522597	26.404271	0.065921	4.9
1156	-0.732234	26.392595	0.266622	4.1
1157	-0.454851	26.380932	0.113826	3.3
1158	-0.625011	26.369283	0.080771	1.7
1159	-0.552469	26.357648	0.178041	1.8
1160	-0.691132	26.346026	0.211564	2.7
1161	-0.425181	26.334418	0.104923	5.4
1162	-1.027330	26.322824	0.185406	6.6
1163	-1.398338	26.311243	0.528676	4.1
1164	-0.223278	26.299676	0.029172	2.6
1165	-0.252802	26.288123	0.073010	2.2
1166	-0.443453	26.276583	0.061082	1.6
1167	-0.124294	26.265056	0.022307	1.7
1168	-0.169687	26.253543	0.048594	1.7
1169	-0.910160	26.242044	0.094981	2.1
1170	-0.553595	26.230558	0.065985	2.1
1171	-0.000073	26.219085	0.000232	2.2
1172	-0.152649	26.207625	0.019016	2.8
1173	-0.453126	26.196179	0.066883	2.3
1174	-0.557567	26.184747	0.138436	3.6
1175	-0.806076	26.173327	0.092006	1.7
1176	-0.286860	26.161921	0.073739	1.7
1177	-0.199823	26.150528	0.042314	3.5
1178	-0.815278	26.139148	0.132930	1.6
1179	-0.638638	26.127782	0.174894	1.4
1180	-0.561725	26.116429	0.183313	1.4
1181	-0.525870	26.105088	0.165735	1.3
1182	-0.615223	26.093761	0.169787	1.3
1183	-0.550985	26.082447	0.081713	1.4
1184	-1.022800	26.071147	0.321319	1.4
1185	-0.785432	26.059859	0.089708	1.3
1186	-0.288207	26.048584	0.091014	1.7
1187	-0.668959	26.037322	0.072808	2.6
1188	-1.233138	26.026073	0.402149	1.6
1189	-0.728259	26.014837	0.183775	1.4
1190	-0.435072	26.003614	0.073480	1.5
1191	-0.166293	25.992404	0.062796	1.4
1192	-0.278548	25.981207	0.040848	1.4
1193	-0.349735	25.970023	0.037850	1.4
1194	-0.424139	25.958851	0.067821	1.9
1195	-0.690318	25.947693	0.139815	1.7
1196	-0.065354	25.936547	0.025215	2.3
1197	-0.772644	25.925414	0.142134	1.6
1198	-0.110809	25.914293	0.043675	1.5
1199	-1.007191	25.903185	0.241625	1.4
1200	-0.644717	25.892090	0.177671	1.6
1201	-0.643507	25.881008	0.117815	1.6
1202	-0.724116	25.869938	0.222600	1.4
1203	-0.911029	25.858881	0.346237	1.4
1204	-0.740915	25.847837	0.227259	1.4
1205	-0.193740	25.836805	0.044191	1.5
1206	-0.664054	25.825785	0.114405	1.4
1207	-0.501825	25.814778	0.082304	1.7
1208	-0.865792	25.803784	0.195626	1.5
1209	-0.478331	25.792802	0.106365	1.3
1210	-0.724514	25.781833	0.339700	1.3
1211	-0.881539	25.770876	0.135212	1.4
1212	-0.966345	25.759931	0.418013	1.6
1213	-0.756580	25.748999	0.064012	2.2
1214	-0.444909	25.738079	0.102777	5.7
1215	-1.194293	25.727172	0.200435	3.4
1216	-0.714790	25.716276	0.036226	1.8
1217	-0.684707	25.705394	0.279310	1.8
1218	-0.112838	25.694523	0.032303	1.6
1219	-0.698033	25.683665	0.140219	1.4
1220	-0.876828	25.672818	0.084134	1.3
1221	-0.371196	25.661984	0.141989	1.4
1222	-1.048944	25.651163	0.174161	1.4
1223	-0.879204	25.640353	0.198542	2.1
1224	-0.950140	25.629556	0.131675	2.2
1225	-1.162322	25.618770	0.302242	17.4
1226	-0.600968	25.607997	0.066022	3.5
1227	-0.534272	25.597236	0.105635	1.9
1228	-0.842426	25.586487	0.219055	2.0
1229	-0.438331	25.575750	0.039398	1.9
1230	-1.046549	25.565025	0.286583	1.9
1231	-1.002025	25.554312	0.191386	1.9
1232	-1.043796	25.543610	0.270799	1.9
1233	-0.502731	25.532921	0.104171	1.9
1234	-0.723541	25.522244	0.082990	1.9
1235	-0.941595	25.511579	0.187327	4.8
1236	-0.168714	25.500925	0.014608	1.4
1237	-0.044806	25.490283	0.001030	1.4
1238	-0.476279	25.479654	0.169680	1.4
1239	-0.866850	25.469036	0.147999	1.5
1240	-0.899881	25.458429	0.196131	1.7
1241	-0.350681	25.447835	0.057458	1.4
1242	-0.258723	25.437252	0.095554	1.4
1243	-0.450688	25.426681	0.083561	1.4
1244	-0.740953	25.416122	0.195465	1.4
1245	-0.779207	25.405574	0.169970	1.4
1246	-0.258275	25.395039	0.099287	1.4
1247	-0.615171	25.384514	0.228932	1.4
1248	-0.598183	25.374002	0.133680	1.4
1249	-0.879021	25.363501	0.197988	1.4
1250	-0.324548	25.353011	0.022053	1.4
1251	-0.939761	25.342533	0.207778	1.6
1252	-0.800694	25.332067	0.185974	1.4
1253	-0.999796	25.321612	0.216773	2.7
1254	-1.134902	25.311169	0.299497	1.5
1255	-0.756965	25.300737	0.112903	1.4
1256	-1.246142	25.290317	0.080356	1.4
1257	-0.008038	25.279908	0.009852	1.4
1258	-1.485957	25.269510	0.133295	1.4
1259	-0.428410	25.259124	0.055820	1.4
1260	-0.864917	25.248749	0.220281	1.3
1261	-0.364868	25.238386	0.038102	1.6
1262	-0.373352	25.228034	0.047165	1.6
1263	-1.131463	25.217693	0.290747	1.4
1264	-0.491833	25.207363	0.030692	1.4
1265	-0.291190	25.197045	0.048165	1.4
1266	-0.648187	25.186738	0.117280	1.4
1267	-0.803844	25.176442	0.189064	1.5
1268	-0.716126	25.166158	0.213817	1.4
1269	-1.025688	25.155885	0.391026	1.4
1270	-0.598186	25.145623	0.124059	1.4
1271	-0.194254	25.135372	0.050703	1.4
1272	-0.439417	25.125132	0.064325	1.8
1273	-0.896350	25.114903	0.209421	4.4
1274	-1.162544	25.104685	0.240253	4.5
1275	-0.765979	25.094479	0.154339	3.0
1276	-0.970445	25.084283	0.193068	2.0
1277	-0.616061	25.074099	0.080820	2.3
1278	-0.865174	25.063926	0.326064	1.6
1279	-0.244655	25.053763	0.064337	1.5
1280	-0.386008	25.043612	0.129113	1.4
1281	-0.281389	25.033471	0.108598	1.5
1282	-0.549011	25.023342	0.150565	1.8
1283	-0.828931	25.013223	0.215454	1.8
1284	-0.285922	25.003115	0.064370	1.5
1285	-1.293406	24.993018	0.400914	1.9
1286	-0.186650	24.982932	0.032801	2.7
1287	-0.535237	24.972857	0.180491	1.7
1288	-0.667984	24.962793	0.129254	1.5
1289	-0.574377	24.952740	0.143083	1.4
1290	-0.529777	24.942697	0.100182	1.9
1291	-0.366131	24.932665	0.077268	1.8
1292	-0.393260	24.922644	0.074703	1.3
1293	-1.171009	24.912633	0.553302	1.4
1294	-0.247868	24.902634	0.049668	1.3
1295	-0.361407	24.892645	0.079887	1.7
1296	-0.163899	24.882666	0.042239	3.6
1297	-0.377811	24.872699	0.054276	2.4
1298	-1.049793	24.862742	0.121175	2.0
1299	-0.336527	24.852795	0.051759	1.6
1300	-0.916109	24.842859	0.156667	1.8
1301	-0.157708	24.832934	0.049392	2.8
1302	-0.755328	24.823019	0.150618	1.4
1303	-0.673238	24.813115	0.083993	2.0
1304	-0.588928	24.803222	0.103669	1.9
1305	-0.101660	24.793339	0.007151	2.0
1306	-0.348406	24.783466	0.071643	1.8
1307	-0.212952	24.773604	0.011098	1.8
1308	-0.396531	24.763752	0.066525	1.5
1309	-0.638354	24.753911	0.061139	1.4
1310	-0.817508	24.744080	0.273056	1.4
1311	-0.339223	24.734260	0.108181	1.5
1312	-0.863540	24.724450	0.154789	1.4
1313	-0.781020	24.714650	0.220192	1.4
1314	-0.433187	24.704861	0.127475	1.8
1315	-1.128540	24.695082	0.326467	1.6
1316	-0.748717	24.685314	0.089588	2.0
1317	-0.683301	24.675555	0.130357	1.6
1318	-0.918255	24.665807	0.280487	1.9
1319	-0.276446	24.656069	0.064444	1.8
1320	-0.441364	24.646342	0.183861	1.5
1321	-0.381743	24.636624	0.152320	1.4
1322	-0.000002	24.626917	0.000004	1.5
1323	-0.827689	24.617220	0.234256	2.0
1324	-1.063764	24.607534	0.265162	1.5
1325	-0.048046	24.597857	0.027039	1.4
1326	-0.335686	24.588191	0.128646	1.5
1327	-0.888672	24.578534	0.265622	1.7
1328	-0.601241	24.568888	0.038099	1.5
1329	-0.937518	24.559252	0.241903	1.4
1330	-0.625382	24.549626	0.115273	1.7
1331	-0.751840	24.540010	0.167999	6.8
1332	-0.974628	24.530404	0.211664	3.6
1333	-0.797351	24.520808	0.208806	3.7
1334	-0.405089	24.511222	0.111791	3.5
1335	-0.178383	24.501646	0.051731	3.4
1336	-0.785843	24.492080	0.269999	13.0
1337	-0.525390	24.482524	0.082507	3.0
1338	-0.843607	24.472978	0.073607	2.1
1339	-0.673812	24.463442	0.149425	2.1
1340	-0.741439	24.453916	0.111420	2.1
1341	-0.022766	24.444399	0.006523	2.4
1342	-0.395587	24.434893	0.151201	1.9
1343	-0.346484	24.425396	0.088471	1.5
1344	-0.940604	24.415909	0.455988	2.0
1345	-0.335503	24.406432	0.055360	3.0
1346	-1.020608	24.396965	0.234486	1.6
1347	-0.598082	24.387508	0.089868	1.8
1348	-0.272885	24.378060	0.018602	4.8
1349	-0.577779	24.368622	0.085077	1.6
1350	-0.000000	24.359194	0.000000	1.5
1351	-0.512147	24.349776	0.162599	1.6
1352	-1.009759	24.340367	0.338243	1.7
1353	-0.492916	24.330968	0.099054	1.6
1354	-0.402702	24.321579	0.134096	2.0
1355	-0.405022	24.312199	0.056088	1.5
1356	-0.575395	24.302829	0.058894	1.5
1357	-0.531300	24.293468	0.182468	1.7
1358	-1.128669	24.284118	0.217451	1.4
1359	-0.823024	24.274776	0.223774	1.5
1360	-0.831851	24.265445	0.180429	1.5
1361	-0.397260	24.256123	0.060211	1.6
1362	-0.665431	24.246810	0.130721	1.5
1363	-0.013691	24.237507	0.008119	1.7
1364	-0.965562	24.228213	0.272421	1.4
1365	-0.777277	24.218929	0.173388	1.7
1366	-1.399494	24.209655	0.344872	1.5
1367	-0.418262	24.200390	0.078697	1.4
1368	-0.785513	24.191134	0.059193	1.7
1369	-0.311397	24.181888	0.061197	1.5
1370	-0.541297	24.172651	0.133058	1.4
1371	-0.580509	24.163424	0.135116	1.5
1372	-0.506490	24.154206	0.101384	1.4
1373	-0.614444	24.144997	0.139829	3.4
1374	-0.449099	24.135798	0.121106	1.4
1375	-0.531646	24.126608	0.116246	1.4
1376	-0.716121	24.117427	0.218237	1.3
1377	-0.952361	24.108256	0.216764	1.4
1378	-0.743406	24.099094	0.294768	1.6
1379	-0.584983	24.089941	0.139621	1.9
1380	-0.424753	24.080798	0.193689	2.6
1381	-0.636686	24.071664	0.135454	1.5
1382	-0.520803	24.062539	0.205855	1.5
1383	-0.316582	24.053423	0.085917	1.7
1384	-1.150147	24.044316	0.210334	1.4
1385	-0.889547	24.035219	0.449198	1.4
1386	-0.647546	24.026131	0.149694	1.4
1387	-0.358325	24.017052	0.064222	1.4
1388	-0.841043	24.007982	0.073879	1.4
1389	-0.398377	23.998921	0.119302	1.4
1390	-0.585710	23.989870	0.203082	1.4
1391	-0.368429	23.980827	0.065675	1.9
1392	-0.834487	23.971794	0.092256	1.8
1393	-0.832997	23.962769	0.241008	1.9
1394	-1.027450	23.953754	0.128815	1.6
1395	-0.543505	23.944748	0.152907	1.5
1396	-0.459514	23.935750	0.126021	1.6
1397	-0.031441	23.926762	0.001685	1.8
1398	-0.948101	23.917783	0.235011	1.5
1399	-0.166034	23.908812	0.050770	1.5
1400	-1.036337	23.899851	0.333212	1.5
1401	-1.031399	23.890899	0.228161	1.5
1402	-0.725674	23.881955	0.193691	1.4
1403	-0.689452	23.873021	0.209669	1.5
1404	-0.734071	23.864095	0.161753	1.4
1405	-0.613218	23.855179	0.177635	1.5
1406	-0.429483	23.846271	0.095457	1.5
1407	-0.692866	23.837372	0.216467	1.5
1408	-1.276163	23.828482	0.257066	1.5
1409	-0.213105	23.819600	0.053826	1.5
1410	-0.325410	23.810728	0.163635	1.6
1411	-0.855653	23.801864	0.407426	2.1
1412	-0.863932	23.793009	0.209676	1.5
1413	-0.193612	23.784163	0.040317	1.7
1414	-0.012088	23.775326	0.009613	1.8
1415	-1.131606	23.766497	0.193222	1.5
1416	-0.310572	23.757678	0.060629	1.4
1417	-0.926506	23.748866	0.184542	1.6
1418	-0.613136	23.740064	0.203774	1.5
1419	-0.913538	23.731270	0.183466	1.5
1420	-0.420974	23.722485	0.077020	1.5
1421	-1.115436	23.713709	0.508445	1.5
1422	-0.085834	23.704941	0.025802	1.5
1423	-0.537169	23.696182	0.215058	1.4
1424	-0.254435	23.687432	0.045841	1.4
1425	-0.486734	23.678690	0.054989	1.4
1426	-0.260765	23.669957	0.038810	1.4
1427	-0.101408	23.661232	0.016783	1.5
1428	-0.152844	23.652516	0.042215	1.5
1429	-0.490006	23.643808	0.057939	1.6
1430	-0.416187	23.635110	0.040290	2.8
1431	-0.177759	23.626419	0.042513	2.0
1432	-0.586076	23.617737	0.093570	1.8
1433	-0.332368	23.609064	0.093159	1.4
1434	-0.982901	23.600399	0.278473	3.3
1435	-0.578610	23.591742	0.082769	1.6
1436	-0.713513	23.583094	0.162051	1.5
1437	-0.443418	23.574455	0.124004	1.4
1438	-0.674275	23.565824	0.198398	1.4
1439	-0.474212	23.557201	0.089244	1.4
1440	-1.034151	23.548587	0.465888	1.4
1441	-1.093912	23.539981	0.136898	2.3
1442	-0.700188	23.531383	0.179842	3.6
1443	-1.125994	23.522794	0.186495	3.3
1444	-0.206188	23.514213	0.070520	8.0
1445	-0.464413	23.505641	0.119467	4.7
1446	-0.564146	23.497077	0.068087	4.3
1447	-0.762929	23.488521	0.264725	2.1
1448	-0.468121	23.479973	0.074375	2.7
1449	-0.429590	23.471434	0.074782	1.4
1450	-0.304771	23.462903	0.048100	1.4
1451	-0.107697	23.454381	0.030036	3.2
1452	-0.313816	23.445866	0.029311	1.4
1453	-0.292592	23.437360	0.089024	1.9
1454	-1.136450	23.428862	0.204006	2.2
1455	-0.507738	23.420372	0.204212	2.0
1456	-0.673245	23.411891	0.112635	2.9
1457	-0.596050	23.403417	0.082516	4.7
1458	-1.332397	23.394952	0.495075	1.5
1459	-0.935353	23.386495	0.189395	1.5
1460	-0.462909	23.378046	0.030652	2.4
1461	-0.228624	23.369606	0.056799	1.5
1462	-0.720344	23.361173	0.133392	1.7
1463	-0.437649	23.352749	0.029990	1.6
1464	-0.865455	23.344332	0.184011	3.9
1465	-0.193019	23.335924	0.046096	2.4
1466	-0.781102	23.327524	0.110181	1.7
1467	-1.025610	23.319131	0.188885	1.1
1468	-1.062458	23.310747	0.230175	1.5
1469	-0.156610	23.302371	0.045473	1.4
1470	-0.320410	23.294003	0.047197	1.6
1471	-0.551940	23.285643	0.124479	1.7
1472	-0.758804	23.277291	0.121431	1.9
1473	-0.504309	23.268947	0.270321	2.1
1474	-0.645477	23.260610	0.225279	1.6
1475	-0.748228	23.252282	0.304624	1.5
1476	-0.867755	23.243962	0.107500	1.4
1477	-0.948899	23.235650	0.217335	1.6
1478	-1.259816	23.227345	0.715925	1.4
1479	-0.248455	23.219049	0.020581	1.4
1480	-0.390871	23.210760	0.075106	1.4
1481	-0.544575	23.202480	0.052380	1.6
1482	-0.624305	23.194207	0.056113	2.6
1483	-0.795193	23.185942	0.042144	1.2
1484	-0.667071	23.177685	0.141481	1.4
1485	-0.458135	23.169436	0.059379	1.4
1486	-0.473359	23.161194	0.048580	1.6
1487	-0.661362	23.152960	0.136552	1.5
1488	-0.270047	23.144735	0.064158	1.6
1489	-0.244378	23.136517	0.004782	2.1
1490	-0.413702	23.128306	0.103259	1.5
1491	-0.253142	23.120104	0.013331	1.6
1492	-0.571540	23.111909	0.233179	2.4
1493	-0.300874	23.103722	0.026440	2.5
1494	-0.492498	23.095543	0.133272	1.6
1495	-0.544638	23.087371	0.130560	1.6
1496	-1.140832	23.079207	0.336377	1.6
1497	-0.109138	23.071051	0.018898	1.1
1498	-0.080661	23.062903	0.027108	1.4
1499	-0.536300	23.054762	0.024306	1.6
1500	-0.214076	23.046629	0.048811	2.4
1501	-0.128870	23.038503	0.026029	1.5
1502	-0.470644	23.030385	0.106644	1.4
1503	-0.275601	23.022275	0.065906	1.4
1504	-0.555858	23.014173	0.100357	1.4
1505	-0.520221	23.006078	0.026552	1.4
1506	-0.541374	22.997990	0.051987	1.4
1507	-0.718194	22.989910	0.222749	1.5
1508	-0.617622	22.981838	0.107425	1.8
1509	-0.475775	22.973773	0.148694	1.7
1510	-0.304855	22.965716	0.059432	1.6
1511	-0.338496	22.957666	0.060217	2.1
1512	-0.333451	22.949624	0.073435	1.6
1513	-0.712244	22.941590	0.106652	1.5
1514	-0.571685	22.933562	0.128964	1.4
1515	-1.135128	22.925543	0.576680	1.9
1516	-0.018975	22.917531	0.014900	1.6
1517	-0.421248	22.909526	0.190311	1.9
1518	-0.349426	22.901529	0.079075	2.7
1519	-0.232323	22.893539	0.016699	1.9
1520	-0.504318	22.885556	0.074545	2.0
1521	-0.198831	22.877581	0.058390	1.5
1522	-0.318617	22.869614	0.052025	1.9
1523	-0.469193	22.861654	0.087795	1.5
1524	-0.249721	22.853701	0.024879	1.4
1525	-0.641444	22.845755	0.089230	1.5
1526	-0.430898	22.837817	0.164267	1.8
1527	-0.755040	22.829887	0.131618	1.5
1528	-0.386022	22.821963	0.097124	1.5
1529	-0.967791	22.814047	0.163917	1.3
1530	-0.556900	22.806138	0.231506	1.3
1531	-1.526868	22.798237	0.232399	1.4
1532	-0.563838	22.790343	0.097893	1.4
1533	-0.018636	22.782456	0.002542	1.4
1534	-0.689472	22.774576	0.213329	1.6
1535	-0.365672	22.766704	0.189278	1.4
1536	-0.369174	22.758839	0.003832	2.6
1537	-0.725093	22.750981	0.039623	1.5
1538	-0.831143	22.743131	0.111885	1.4
1539	-0.425715	22.735287	0.076678	1.5
1540	-0.799097	22.727451	0.310704	1.7
1541	-0.316268	22.719622	0.045594	2.8
1542	-0.913485	22.711800	0.206791	3.5
1543	-0.465709	22.703986	0.115865	3.5
1544	-0.834178	22.696178	0.203365	3.2
1545	-1.147554	22.688378	0.140276	3.5
1546	-0.085811	22.680585	0.014883	3.6
1547	-0.721686	22.672799	0.205427	3.7
1548	-0.490920	22.665020	0.186984	3.5
1549	-0.207962	22.657248	0.062692	3.5
1550	-1.320421	22.649484	0.326497	3.8
1551	-0.431568	22.641726	0.092471	3.5
1552	-1.290490	22.633976	0.299559	3.5
1553	-0.023861	22.626232	0.013892	3.0
1554	-0.459565	22.618496	0.117968	2.1
1555	-0.472548	22.610767	0.128387	1.5
1556	-0.855535	22.603044	0.348353	1.4
1557	-0.646178	22.595329	0.140148	1.3
1558	-0.489935	22.587621	0.095096	1.7
1559	-0.582928	22.579920	0.131795	3.2
1560	-0.945369	22.572226	0.163666	1.4
1561	-1.052442	22.564538	0.425530	1.5
1562	-1.139098	22.556858	0.406738	1.4
1563	-0.473353	22.549185	0.098920	1.4
1564	-0.360909	22.541519	0.038823	1.4
1565	-0.899842	22.533859	0.131818	1.7
1566	-0.359666	22.526207	0.066082	1.6
1567	-1.350171	22.518561	0.126978	1.5
1568	-0.568337	22.510923	0.141005	1.4
1569	-0.178898	22.503291	0.052788	1.4
1570	-0.987468	22.495666	0.125842	1.4
1571	-0.484101	22.488048	0.169313	1.4
1572	-0.209469	22.480437	0.060370	1.4
1573	-0.220260	22.472833	0.020349	1.4
1574	-0.358284	22.465236	0.106565	1.4
1575	-0.794748	22.457645	0.189808	1.4
1576	-0.887016	22.450062	0.432128	1.4
1577	-0.570358	22.442485	0.026282	1.6
1578	-0.793016	22.434915	0.139242	2.8
1579	-0.882657	22.427352	0.255933	3.0
1580	-0.946793	22.419795	0.096870	9.7
1581	-0.550427	22.412246	0.101530	1.9
1582	-0.661353	22.404703	0.203083	1.5
1583	-0.271986	22.397167	0.048369	1.4
1584	-0.797029	22.389638	0.055919	1.4
1585	-0.358538	22.382115	0.064536	1.4
1586	-0.908624	22.374599	0.148302	1.7
1587	-0.240964	22.367090	0.016903	1.5
1588	-0.776520	22.359588	0.180038	1.6
1589	-0.725854	22.352092	0.218702	1.4
1590	-0.355419	22.344603	0.089656	1.6
1591	-0.440891	22.337121	0.048010	2.9
1592	-0.611453	22.329645	0.152493	1.5
1593	-0.365154	22.322176	0.089691	1.5
1594	-0.576939	22.314714	0.175684	1.5
1595	-0.771883	22.307258	0.212180	1.6
1596	-0.000004	22.299809	0.000005	1.6
1597	-0.386609	22.292367	0.144647	1.3
1598	-0.874477	22.284931	0.264524	1.4
1599	-0.117034	22.277502	0.004189	2.3
1600	-0.873754	22.270080	0.429908	2.4
1601	-0.258757	22.262664	0.051608	1.5
1602	-0.584536	22.255254	0.159324	2.0
1603	-0.196188	22.247851	0.033093	1.5
1604	-0.680640	22.240455	0.321386	1.6
1605	-0.452617	22.233066	0.072662	1.7
1606	-0.416819	22.225682	0.036827	3.4
1607	-0.518934	22.218306	0.082035	2.9
1608	-0.971755	22.210936	0.166242	2.0
1609	-0.185883	22.203572	0.019678	1.6
1610	-0.992579	22.196215	0.119742	1.5
1611	-0.951542	22.188865	0.373041	1.5
1612	-0.931114	22.181521	0.165581	1.6
1613	-0.479092	22.174183	0.092604	1.4
1614	-0.041073	22.166852	0.028537	1.4
1615	-1.009644	22.159527	0.367344	1.6
1616	-0.165944	22.152209	0.024589	1.5
1617	-0.616691	22.144897	0.118907	1.7
1618	-0.358676	22.137592	0.106799	1.8
1619	-0.357063	22.130293	0.077224	2.2
1620	-0.699125	22.123000	0.153467	1.8
1621	-0.641351	22.115714	0.172746	1.9
1622	-1.071560	22.108435	0.323783	5.7
1623	-0.486813	22.101161	0.162938	2.1
1624	-0.864569	22.093894	0.117645	2.3
1625	-0.921340	22.086634	0.258260	1.5
1626	-0.738975	22.079380	0.224087	1.5
1627	-0.965785	22.072132	0.233665	1.6
1628	-0.582826	22.064890	0.048667	1.5
1629	-0.324472	22.057655	0.035881	1.4
1630	-0.573713	22.050426	0.172890	1.4
1631	-0.528922	22.043204	0.139272	1.5
1632	-1.412303	22.035987	0.326866	1.4
1633	-0.510777	22.028778	0.131079	2.6
1634	-0.389503	22.021574	0.098213	1.4
1635	-0.699928	22.014376	0.081248	1.6
1636	-1.142713	22.007185	0.333780	1.5
1637	-0.489467	22.000001	0.153244	1.6
1638	-0.499528	21.992822	0.130952	1.4
1639	-0.882234	21.985650	0.193804	3.1
1640	-0.648199	21.978483	0.158191	2.2
1641	-0.723832	21.971324	0.183719	4.1
1642	-0.000569	21.964170	0.001193	5.5
1643	-1.332800	21.957022	0.398441	3.6
1644	-0.270622	21.949881	0.044526	4.8
1645	-0.539905	21.942746	0.086348	6.8
1646	-0.876140	21.935617	0.148065	6.8
1647	-1.074017	21.928494	0.316550	2.0
1648	-0.555948	21.921378	0.087078	2.0
1649	-0.560487	21.914267	0.121036	2.8
1650	-0.222687	21.907163	0.028691	6.1
1651	-0.555926	21.900065	0.157461	1.6
1652	-0.748395	21.892973	0.206236	1.4
1653	-0.712310	21.885887	0.221898	3.3
1654	-1.018518	21.878808	0.507163	1.8
1655	-0.833282	21.871734	0.258430	1.5
1656	-0.117831	21.864666	0.030325	5.3
1657	-1.012476	21.857605	0.228812	1.6
1658	-1.326161	21.850549	0.128939	1.6
1659	-0.341099	21.843500	0.058535	2.3
1660	-0.237933	21.836457	0.028444	1.6
1661	-0.221750	21.829420	0.038988	2.4
1662	-0.370167	21.822388	0.098302	2.0
1663	-0.000000	21.815363	0.000000	2.0
1664	-0.646371	21.808344	0.169568	1.7
1665	-0.131334	21.801331	0.012429	1.7
1666	-0.999291	21.794324	0.125562	1.7
1667	-0.267505	21.787323	0.060757	2.5
1668	-0.706739	21.780328	0.222089	2.1
1669	-1.136423	21.773339	0.245849	2.1
1670	-0.889239	21.766356	0.183234	3.2
1671	-0.433105	21.759379	0.063739	1.7
1672	-1.143502	21.752407	0.308851	1.7
1673	-0.410847	21.745442	0.026384	1.6
1674	-0.564555	21.738483	0.158742	1.4
1675	-0.577364	21.731530	0.092009	1.1
1676	-0.428263	21.724582	0.120108	1.3
1677	-0.755310	21.717641	0.137045	1.4
1678	-1.064569	21.710705	0.306103	2.0
1679	-0.803335	21.703775	0.350552	2.1
1680	-1.072859	21.696852	0.142225	1.7
1681	-0.761563	21.689934	0.038891	1.5
1682	-1.172002	21.683022	0.145136	1.4
1683	-0.760999	21.676116	0.077089	1.4
1684	-0.749847	21.669215	0.167741	1.4
1685	-0.889871	21.662321	0.233052	1.4
1686	-0.362332	21.655432	0.051995	1.4
1687	-0.361276	21.648549	0.018253	1.4
1688	-0.640218	21.641673	0.209205	1.5
1689	-0.558636	21.634801	0.165724	3.3
1690	-1.459822	21.627936	0.483832	2.0
1691	-0.647938	21.621077	0.219564	1.6
1692	-0.082590	21.614223	0.038681	1.3
1693	-0.168714	21.607375	0.036395	1.5
1694	-0.308159	21.600533	0.019999	2.0
1695	-0.701889	21.593697	0.176256	1.3
1696	-0.000000	21.586866	0.000000	1.2
1697	-0.683958	21.580041	0.067267	1.4
1698	-0.643699	21.573222	0.134475	1.3
1699	-1.230068	21.566409	0.462128	2.1
1700	-0.440737	21.559601	0.101822	1.5
1701	-0.307376	21.552799	0.026770	1.5
1702	-0.099714	21.546003	0.034979	1.5
1703	-0.179863	21.539213	0.030013	1.5
1704	-0.613744	21.532428	0.089232	1.5
1705	-0.366774	21.525649	0.113958	1.6
1706	-0.367627	21.518876	0.047320	1.5
1707	-0.172983	21.512108	0.034133	2.7
1708	-0.017700	21.505346	0.002332	1.7
1709	-0.303826	21.498590	0.072506	1.5
1710	-0.402174	21.491839	0.041637	1.4
1711	-0.558910	21.485094	0.104925	1.5
1712	-0.450006	21.478355	0.085922	1.4
1713	-0.837873	21.471621	0.345580	1.4
1714	-0.538286	21.464893	0.115121	1.4
1715	-0.330000	21.458171	0.040820	1.4
1716	-0.478433	21.451454	0.110241	1.4
1717	-0.841616	21.444742	0.167680	1.4
1718	-1.179133	21.438037	0.269278	2.3
1719	-0.423163	21.431337	0.132749	1.6
1720	-1.117607	21.424642	0.307762	1.3
1721	-0.895364	21.417953	0.220928	1.4
1722	-0.683932	21.411270	0.128865	1.5
1723	-0.484818	21.404592	0.120223	1.4
1724	-0.782609	21.397920	0.090129	1.4
1725	-1.300284	21.391253	0.301307	1.4
1726	-0.504273	21.384592	0.055555	1.4
1727	-0.501582	21.377936	0.052453	2.3
1728	-0.378112	21.371286	0.106675	1.5
1729	-1.093404	21.364642	0.388499	1.9
1730	-0.288696	21.358002	0.094493	1.4
1731	-0.860453	21.351369	0.234609	1.4
1732	-0.778613	21.344741	0.162929	1.3
1733	-0.597269	21.338118	0.142565	1.4
1734	-0.573681	21.331501	0.192223	1.4
1735	-0.395687	21.324889	0.099662	1.3
1736	-1.308214	21.318283	0.440805	1.4
1737	-0.816003	21.311682	0.100996	1.4
1738	-0.470410	21.305087	0.074932	1.4
1739	-0.776315	21.298497	0.399574	1.3
1740	-0.223762	21.291913	0.047792	1.4
1741	-0.369232	21.285334	0.096549	1.4
1742	-0.169068	21.278760	0.028650	1.4
1743	-0.265587	21.272192	0.029804	1.4
1744	-0.482789	21.265629	0.089748	1.3
1745	-0.778576	21.259072	0.125848	1.4
1746	-1.256783	21.252520	0.191438	1.4
1747	-1.273129	21.245973	0.237688	4.1
1748	-0.950274	21.239432	0.140434	1.6
1749	-0.560233	21.232896	0.197037	1.5
1750	-0.610761	21.226365	0.133491	1.8
1751	-0.420688	21.219840	0.071815	2.0
1752	-0.097730	21.213320	0.040373	2.0
1753	-0.803095	21.206806	0.182047	1.8
1754	-0.483405	21.200297	0.174647	2.4
1755	-1.345477	21.193793	0.268068	6.1
1756	-0.091599	21.187294	0.027047	2.4
1757	-0.819264	21.180801	0.182124	2.2
1758	-0.733754	21.174313	0.222592	2.2
1759	-0.282139	21.167831	0.117125	4.0
1760	-0.967242	21.161353	0.379603	2.9
1761	-1.098913	21.154881	0.247935	3.9
1762	-0.683852	21.148415	0.101635	2.7
1763	-0.650114	21.141953	0.196212	2.4
1764	-0.936184	21.135497	0.211358	1.9
1765	-0.000000	21.129046	0.000000	3.4
1766	-0.709999	21.122600	0.192984	3.8
1767	-1.062740	21.116160	0.175386	6.7
1768	-0.659530	21.109725	0.209135	5.1
1769	-0.273031	21.103295	0.053616	2.6
1770	-0.811490	21.096870	0.209167	1.6
1771	-0.623101	21.090450	0.166713	1.7
1772	-0.204194	21.084036	0.067357	1.6
1773	-0.775442	21.077627	0.297605	1.7
1774	-0.673432	21.071223	0.214556	5.5
1775	-0.353760	21.064824	0.042651	4.8
1776	-0.604525	21.058430	0.154006	1.4
1777	-0.820810	21.052042	0.155825	1.8
1778	-0.358560	21.045659	0.089093	2.7
1779	-1.092210	21.039280	0.433111	1.7
1780	-0.383633	21.032907	0.048194	2.0
1781	-0.562234	21.026540	0.124682	1.4
1782	-0.183656	21.020177	0.047370	1.4
1783	-0.335631	21.013819	0.048112	1.5
1784	-0.913417	21.007467	0.170952	1.4
1785	-1.143897	21.001120	0.297236	1.7
1786	-0.637877	20.994777	0.138870	1.7
1787	-0.670368	20.988440	0.212471	1.7
1788	-1.090996	20.982108	0.328873	1.4
1789	-0.514226	20.975781	0.079717	1.5
1790	-0.805549	20.969460	0.388857	1.5
1791	-0.634740	20.963143	0.136896	1.4
1792	-0.519634	20.956831	0.122881	1.6
1793	-0.913306	20.950525	0.324261	1.4
1794	-0.575872	20.944223	0.162296	1.3
1795	-0.067078	20.937927	0.002188	4.7
1796	-0.333294	20.931635	0.100447	1.6
1797	-1.247729	20.925349	0.212130	1.7
1798	-0.631050	20.919067	0.168583	1.4
1799	-0.243928	20.912791	0.068621	1.8
1800	-1.011745	20.906520	0.162143	1.9
1801	-1.003738	20.900253	0.257649	2.1
1802	-0.589875	20.893992	0.128523	1.9
1803	-1.015241	20.887736	0.388502	2.3
1804	-0.462882	20.881484	0.124660	1.8
1805	-0.829738	20.875238	0.220417	1.6
1806	-0.962220	20.868997	0.347578	1.4
1807	-0.309525	20.862760	0.123945	1.8
1808	-0.642823	20.856529	0.157747	1.4
1809	-0.025093	20.850303	0.015035	1.7
1810	-0.922865	20.844081	0.134274	1.9
1811	-1.019912	20.837865	0.257888	1.8
1812	-0.816500	20.831653	0.179773	2.3
1813	-1.267442	20.825446	0.534472	1.6
1814	-0.826975	20.819244	0.068855	1.4
1815	-0.812091	20.813048	0.175712	1.3
1816	-1.028368	20.806856	0.120475	1.3
1817	-0.398628	20.800669	0.100569	1.4
1818	-0.079686	20.794487	0.019909	2.1
1819	-1.146028	20.788309	0.204129	1.9
1820	-1.114426	20.782137	0.272112	1.4
1821	-0.367651	20.775970	0.051177	1.4
1822	-0.340213	20.769807	0.040902	1.7
1823	-0.549125	20.763650	0.112695	1.6
1824	-0.777627	20.757497	0.170208	1.4
1825	-0.490046	20.751349	0.068320	1.8
1826	-0.821281	20.745206	0.188345	1.4
1827	-0.721384	20.739068	0.112095	1.4
1828	-0.991067	20.732934	0.187300	1.4
1829	-0.954449	20.726806	0.145702	1.7
1830	-0.650799	20.720682	0.134486	1.6
1831	-0.855218	20.714563	0.187810	2.5
1832	-0.330116	20.708449	0.032416	2.6
1833	-1.012756	20.702340	0.437137	2.1
1834	-0.327763	20.696235	0.014202	2.0
1835	-0.549572	20.690135	0.120957	2.0
1836	-0.566210	20.684040	0.213620	1.6
1837	-0.913440	20.677950	0.249983	1.5
1838	-0.302793	20.671865	0.082024	2.9
1839	-0.632217	20.665784	0.216510	3.5
1840	-0.433147	20.659709	0.121513	2.8
1841	-0.216972	20.653638	0.042949	3.5
1842	-0.246258	20.647571	0.012576	3.5
1843	-1.264505	20.641510	0.396204	3.6
1844	-0.711738	20.635453	0.087550	3.3
1845	-0.157196	20.629401	0.031702	2.2
1846	-0.642050	20.623354	0.109662	1.9
1847	-0.871135	20.617311	0.202476	10.0
1848	-0.733280	20.611273	0.172139	1.6
1849	-0.381444	20.605240	0.081765	1.6
1850	-0.514041	20.599212	0.147322	1.6
1851	-0.676188	20.593188	0.198837	3.7
1852	-0.991941	20.587169	0.199188	1.8
1853	-0.609809	20.581154	0.099273	1.5
1854	-1.244808	20.575145	0.217370	1.8
1855	-0.858253	20.569140	0.277599	1.9
1856	-0.772732	20.563139	0.083671	1.4
1857	-0.674585	20.557144	0.107229	1.4
1858	-0.984381	20.551153	0.200445	1.4
1859	-0.806516	20.545166	0.223398	1.5
1860	-0.382442	20.539185	0.070943	1.3
1861	-0.594574	20.533208	0.120809	1.4
1862	-0.940855	20.527235	0.277573	1.4
1863	-0.716518	20.521267	0.209373	1.4
1864	-0.891966	20.515304	0.277606	1.4
1865	-0.596672	20.509346	0.100896	1.4
1866	-0.511607	20.503392	0.084841	1.4
1867	-0.007731	20.497442	0.006132	1.4
1868	-0.078005	20.491498	0.028100	1.4
1869	-1.039787	20.485558	0.203247	1.3
1870	-1.151585	20.479622	0.253983	2.5
1871	-0.627443	20.473691	0.246820	1.8
1872	-0.570990	20.467765	0.197086	1.4
1873	-0.758579	20.461843	0.167736	1.4
1874	-0.000000	20.455926	0.000000	1.4
1875	-0.689345	20.450013	0.104114	1.4
1876	-1.326357	20.444105	0.512026	1.5
1877	-0.602677	20.438201	0.141294	1.6
1878	-0.208247	20.432302	0.017120	1.2
1879	-0.435000	20.426408	0.168858	1.4
1880	-0.299849	20.420518	0.040881	1.4
1881	-1.040848	20.414632	0.307648	1.5
1882	-0.875976	20.408751	0.083193	1.5
1883	-0.700163	20.402875	0.321180	1.4
1884	-0.374725	20.397003	0.058814	1.4
1885	-1.108186	20.391136	0.302756	1.4
1886	-0.492506	20.385273	0.063840	1.4
1887	-0.294297	20.379414	0.099385	1.4
1888	-0.519143	20.373560	0.118369	1.3
1889	-0.564188	20.367711	0.080252	1.3
1890	-0.761919	20.361866	0.135159	1.5
1891	-0.793703	20.356026	0.111497	2.7
1892	-0.061844	20.350190	0.002065	1.4
1893	-0.600285	20.344358	0.141832	1.3
1894	-0.218696	20.338531	0.017670	1.4
1895	-1.117564	20.332708	0.120872	1.4
1896	-0.968167	20.326890	0.311584	1.7
1897	-0.548680	20.321076	0.158029	1.7
1898	-0.594614	20.315267	0.190323	4.5
1899	-0.582000	20.309462	0.079841	1.6
1900	-1.007827	20.303661	0.409402	2.7
1901	-0.344419	20.297865	0.037552	3.6
1902	-0.466995	20.292074	0.135797	2.2
1903	-0.956823	20.286286	0.259547	2.1
1904	-0.164399	20.280504	0.026618	1.5
1905	-0.317865	20.274725	0.091551	2.5
1906	-0.152793	20.268951	0.010112	1.9
1907	-0.714518	20.263181	0.107551	1.9
1908	-1.004999	20.257416	0.213357	1.9
1909	-0.886487	20.251655	0.136695	1.8
1910	-0.212775	20.245899	0.024731	1.8
1911	-1.353257	20.240146	0.301179	1.4
1912	-0.032642	20.234398	0.002569	2.5
1913	-0.483219	20.228655	0.073856	2.2
1914	-1.128242	20.222916	0.521298	1.5
1915	-0.213328	20.217181	0.046145	1.6
1916	-0.329707	20.211450	0.150100	1.5
1917	-0.491575	20.205724	0.049640	2.4
1918	-0.881858	20.200002	0.145271	1.9
1919	-0.009084	20.194285	0.000339	1.9
1920	-0.964278	20.188572	0.190230	2.6
1921	-0.340728	20.182863	0.093866	2.6
1922	-0.608056	20.177158	0.100740	5.6
1923	-0.108769	20.171458	0.052579	2.6
1924	-1.106891	20.165762	0.423214	1.6
1925	-0.023283	20.160070	0.000827	2.1
1926	-0.324595	20.154383	0.056838	2.3
1927	-0.624508	20.148700	0.202902	1.4
1928	-0.505360	20.143021	0.149260	1.6
1929	-0.324816	20.137346	0.042304	1.5
1930	-0.622477	20.131676	0.174014	2.0
1931	-0.579834	20.126010	0.150688	1.5
1932	-0.656615	20.120348	0.146787	1.4
1933	-0.450313	20.114690	0.087123	1.6
1934	-1.024782	20.109037	0.295365	1.7
1935	-0.352834	20.103388	0.028091	2.7
1936	-0.552903	20.097743	0.162902	2.2
1937	-1.046187	20.092102	0.313362	1.8
1938	-1.101155	20.086466	0.212191	1.5
1939	-0.000000	20.080833	0.000000	1.2
1940	-0.691493	20.075205	0.136530	1.5
1941	-0.505433	20.069581	0.169760	1.9
1942	-0.902988	20.063962	0.205803	1.6
1943	-0.766572	20.058346	0.184523	1.4
1944	-0.573633	20.052735	0.094928	1.3
1945	-0.072623	20.047128	0.029084	2.2
1946	-1.456190	20.041525	0.298528	2.9
1947	-0.307960	20.035926	0.077225	1.3
1948	-0.814266	20.030332	0.203811	1.5
1949	-0.818474	20.024742	0.256357	1.4
1950	-0.650026	20.019155	0.116013	1.4
1951	-0.822692	20.013573	0.233428	2.8
1952	-0.639257	20.007995	0.189824	1.9
1953	-0.675307	20.002422	0.161854	9.3
1954	-0.831624	19.996852	0.260853	5.9
1955	-0.845466	19.991286	0.231629	2.6
1956	-1.011143	19.985725	0.150820	9.0
1957	-0.870344	19.980168	0.344860	3.6
1958	-0.262801	19.974615	0.067070	2.0
1959	-0.808877	19.969066	0.192293	3.6
1960	-0.372939	19.963521	0.130371	4.8
1961	-0.753690	19.957980	0.206759	1.5
1962	-1.485986	19.952443	0.234829	1.4
1963	-0.630342	19.946911	0.282357	1.4
1964	-1.000645	19.941382	0.196585	1.5
1965	-0.873605	19.935858	0.160983	1.5
1966	-1.319542	19.930337	0.499900	1.6
1967	-0.212139	19.924821	0.042783	1.5
1968	-0.853222	19.919309	0.161879	1.4
1969	-0.933487	19.913801	0.280622	1.6
1970	-0.429659	19.908297	0.135327	2.0
1971	-0.447495	19.902797	0.083884	3.9
1972	-0.520404	19.897301	0.093451	2.1
1973	-1.180872	19.891809	0.297980	1.7
1974	-1.081930	19.886321	0.155461	2.5
1975	-0.762533	19.880837	0.066118	2.9
1976	-0.688584	19.875357	0.133542	3.4
1977	-0.535740	19.869881	0.124754	1.9
1978	-0.472255	19.864409	0.083395	1.6
1979	-0.456830	19.858942	0.137133	1.4
1980	-1.048837	19.853478	0.158249	1.4
1981	-0.716682	19.848018	0.258165	1.4
1982	-0.625841	19.842562	0.145638	1.4
1983	-0.875385	19.837111	0.289687	1.5
1984	-0.743694	19.831663	0.413708	1.5
1985	-0.436534	19.826219	0.080029	1.8
1986	-0.894365	19.820779	0.207464	1.8
1987	-0.352226	19.815343	0.061114	2.5
1988	-1.204992	19.809912	0.161503	1.5
1989	-0.897023	19.804484	0.319451	1.4
1990	-0.452840	19.799060	0.049187	1.4
1991	-1.251401	19.793640	0.158960	1.6
1992	-0.499023	19.788224	0.100113	1.6
1993	-0.578639	19.782812	0.061301	3.3
1994	-0.684722	19.777404	0.246392	1.5
1995	-1.074222	19.772000	0.215883	1.4
1996	-0.875859	19.766599	0.214676	1.4
1997	-0.757870	19.761203	0.183857	1.4
1998	-0.725028	19.755811	0.297364	1.6
1999	-0.537117	19.750422	0.155056	1.4
