1:ItNr	2:Metric	3:StepSize	4:||Gradient||	Time[ms]
0	-0.387795	83.006550	0.149082	298.3
1	-0.250043	82.759751	0.060877	1.4
2	-0.105237	82.514899	0.025031	1.4
3	-0.110553	82.271970	0.028824	1.4
4	-0.724536	82.030938	0.210830	1.5
5	-0.370055	81.791781	0.018441	2.1
6	-0.186385	81.554474	0.058843	1.6
7	-0.163345	81.318994	0.002334	1.5
8	-0.269074	81.085318	0.025762	1.4
9	-0.183506	80.853424	0.033517	1.4
10	-0.408763	80.623291	0.071810	1.4
11	-0.223949	80.394896	0.031160	1.4
12	-0.495446	80.168219	0.123589	1.4
13	-0.015640	79.943237	0.001256	1.4
14	-0.378468	79.719932	0.099133	1.4
15	-0.201407	79.498282	0.034195	1.4
16	-0.155554	79.278268	0.034446	1.4
17	-0.176012	79.059871	0.026995	1.4
18	-0.353059	78.843070	0.073640	1.4
19	-0.534155	78.627848	0.130655	2.8
20	-0.000000	78.414185	0.000000	1.9
21	-0.352568	78.202063	0.042501	1.6
22	-0.537313	77.991465	0.184769	1.4
23	-0.368936	77.782372	0.032704	1.4
24	-0.546404	77.574768	0.081287	1.4
25	-0.483749	77.368635	0.053064	1.4
26	-0.063843	77.163955	0.020535	1.7
27	-0.267813	76.960714	0.038970	2.1
28	-0.153768	76.758894	0.043827	1.6
29	-0.465667	76.558479	0.055592	1.4
30	-0.416916	76.359453	0.038986	1.4
31	-0.150821	76.161801	0.079589	1.4
32	-0.839053	75.965507	0.268114	1.4
33	-0.397759	75.770557	0.031820	1.4
34	-0.392379	75.576936	0.093008	1.4
35	-0.546810	75.384628	0.056709	1.4
36	-0.184207	75.193619	0.031738	1.4
37	-0.125219	75.003896	0.021995	1.4
38	-0.185217	74.815444	0.031838	3.2
39	-0.696040	74.628249	0.101523	1.6
40	-0.181989	74.442298	0.040850	1.4
41	-0.286158	74.257577	0.049863	1.4
42	-0.378328	74.074074	0.054672	1.4
43	-0.114065	73.891775	0.046382	1.4
44	-0.443439	73.710668	0.074245	1.4
45	-0.728305	73.530739	0.064158	1.4
46	-0.491947	73.351977	0.058104	1.2
47	-0.254430	73.174369	0.033186	2.1
48	-0.617782	72.997904	0.101918	2.5
49	-0.228601	72.822568	0.015934	1.4
50	-0.501336	72.648351	0.039630	1.4
51	-0.008660	72.475242	0.000355	1.4
52	-0.419332	72.303227	0.073880	1.3
53	-0.338043	72.132298	0.096786	1.4
54	-0.479667	71.962441	0.098638	1.4
55	-0.887432	71.793647	0.160639	2.1
56	-0.113231	71.625905	0.011428	1.4
57	-0.202682	71.459204	0.028517	2.1
58	-0.213698	71.293533	0.052365	2.4
59	-0.366807	71.128883	0.058310	1.3
60	-0.261855	70.965243	0.026406	1.4
61	-0.177797	70.802602	0.035345	1.4
62	-0.023769	70.640953	0.002716	1.4
63	-0.421206	70.480283	0.086691	1.6
64	-0.256492	70.320584	0.056747	1.5
65	-0.579037	70.161847	0.189130	1.5
66	-0.523784	70.004062	0.098986	1.6
67	-0.158945	69.847219	0.069893	1.5
68	-0.177340	69.691310	0.025862	1.6
69	-0.179921	69.536325	0.034193	1.5
70	-0.691490	69.382257	0.260344	1.5
71	-0.223191	69.229095	0.026809	1.5
72	-0.883603	69.076831	0.145059	1.4
73	-0.413607	68.925458	0.024878	1.5
74	-0.290125	68.774965	0.033152	1.5
75	-0.358737	68.625346	0.082010	1.5
76	-0.311625	68.476591	0.019360	2.6
77	-0.090067	68.328694	0.010868	1.6
78	-0.421684	68.181645	0.017123	1.6
79	-0.137573	68.035437	0.025227	1.5
80	-0.149453	67.890062	0.046532	1.5
81	-0.089086	67.745512	0.006352	1.5
82	-0.061203	67.601780	0.024179	1.5
83	-0.367748	67.458859	0.081240	1.5
84	-0.150259	67.316741	0.037020	1.5
85	-0.192952	67.175418	0.014299	1.8
86	-0.208087	67.034883	0.033563	1.5
87	-0.353284	66.895130	0.020080	9.5
88	-0.366484	66.756151	0.028806	5.7
89	-0.445061	66.617940	0.060601	5.6
90	-0.388059	66.480489	0.079290	6.4
91	-0.056615	66.343791	0.008121	1.4
92	-0.303626	66.207841	0.057930	1.6
93	-0.271457	66.072631	0.041701	2.4
94	-0.306206	65.938154	0.084425	2.0
95	-0.261798	65.804405	0.023465	3.6
96	-0.019579	65.671378	0.010392	2.5
97	-0.351643	65.539064	0.030807	2.8
98	-0.241511	65.407460	0.059590	3.3
99	-0.541053	65.276557	0.107176	3.4
100	-0.285465	65.146352	0.023191	1.4
101	-0.449691	65.016836	0.110463	1.5
102	-0.352208	64.888005	0.082465	2.1
103	-0.160128	64.759852	0.026768	2.9
104	-0.350723	64.632372	0.091069	3.3
105	-0.253018	64.505558	0.039891	4.1
106	-0.213239	64.379407	0.053479	1.4
107	-0.295066	64.253911	0.057706	2.4
108	-0.335448	64.129065	0.112700	1.3
109	-0.164434	64.004864	0.021104	1.5
110	-0.117013	63.881302	0.020615	2.1
111	-0.410995	63.758375	0.123549	1.4
112	-0.480660	63.636076	0.091400	1.7
113	-0.362908	63.514401	0.053169	1.4
114	-0.261771	63.393344	0.094820	1.5
115	-0.229944	63.272901	0.036926	1.4
116	-0.425151	63.153066	0.101417	1.9
117	-0.447542	63.033834	0.053199	1.8
118	-0.398465	62.915201	0.053602	1.8
119	-0.382930	62.797161	0.090522	1.7
120	-0.519358	62.679710	0.066302	1.4
121	-0.514759	62.562843	0.071417	1.5
122	-0.295313	62.446555	0.051308	1.5
123	-0.608073	62.330841	0.242808	1.7
124	-0.173012	62.215698	0.029989	1.6
125	-0.253343	62.101120	0.063596	1.5
126	-0.332487	61.987104	0.035602	1.4
127	-0.288862	61.873643	0.017552	1.6
128	-0.208087	61.760735	0.022081	2.1
129	-0.519431	61.648375	0.142470	1.7
130	-0.154450	61.536558	0.030686	1.6
131	-0.404815	61.425280	0.047047	1.6
132	-0.048800	61.314537	0.008375	1.6
133	-0.120047	61.204325	0.030448	1.5
134	-0.402441	61.094640	0.232821	1.7
135	-0.455279	60.985478	0.091308	1.4
136	-0.623255	60.876834	0.152488	1.9
137	-0.292673	60.768704	0.057256	1.6
138	-0.541727	60.661085	0.068457	1.5
139	-0.248872	60.553973	0.054899	1.4
140	-0.527631	60.447364	0.138352	1.5
141	-0.217925	60.341254	0.046492	1.4
142	-0.093170	60.235639	0.013740	1.5
143	-0.653502	60.130516	0.091129	2.0
144	-0.420448	60.025880	0.040415	2.0
145	-0.265660	59.921729	0.082538	5.6
146	-0.453885	59.818058	0.104882	3.4
147	-0.235538	59.714864	0.047068	2.9
148	-0.612776	59.612144	0.281200	3.2
149	-0.100248	59.509893	0.018063	3.3
150	-0.638377	59.408109	0.068953	2.2
151	-0.283512	59.306787	0.062478	1.6
152	-0.415845	59.205925	0.041372	1.7
153	-0.442382	59.105519	0.055907	1.6
154	-0.638100	59.005566	0.107865	1.5
155	-0.091464	58.906063	0.014606	1.4
156	-0.049321	58.807006	0.012224	1.7
157	-0.130931	58.708391	0.029580	1.9
158	-0.498207	58.610217	0.127773	3.4
159	-0.420926	58.512479	0.112904	1.8
160	-0.093726	58.415174	0.019844	1.5
161	-0.164027	58.318300	0.011881	1.4
162	-0.054862	58.221853	0.004480	1.4
163	-0.487766	58.125830	0.075275	1.4
164	-0.388893	58.030228	0.069073	1.4
165	-0.298178	57.935044	0.079364	1.3
166	-0.222802	57.840276	0.039077	1.4
167	-0.734140	57.745920	0.146578	1.4
168	-0.149393	57.651973	0.033042	1.4
169	-0.205199	57.558433	0.049704	1.7
170	-0.257853	57.465296	0.088387	1.6
171	-0.303700	57.372560	0.028426	1.5
172	-0.189719	57.280223	0.019841	1.4
173	-0.294006	57.188280	0.101524	1.4
174	-0.237139	57.096730	0.058984	1.4
175	-0.633069	57.005569	0.051752	1.4
176	-0.449490	56.914796	0.086876	1.4
177	-0.475007	56.824407	0.144436	2.5
178	-0.392821	56.734400	0.040849	1.8
179	-0.913099	56.644773	0.197123	2.5
180	-0.415110	56.555521	0.133973	1.5
181	-0.449936	56.466644	0.133615	1.4
182	-0.225515	56.378138	0.053622	1.4
183	-0.294713	56.290002	0.035513	1.4
184	-0.141610	56.202231	0.044080	1.4
185	-0.481841	56.114825	0.124778	1.4
186	-0.376534	56.027780	0.107571	1.4
187	-0.530226	55.941095	0.073424	1.4
188	-0.268574	55.854766	0.051785	1.4
189	-0.717232	55.768791	0.189746	1.4
190	-0.156352	55.683169	0.013796	1.4
191	-0.166351	55.597896	0.031593	1.4
192	-0.597380	55.512970	0.199578	1.4
193	-0.294048	55.428390	0.041550	1.4
194	-0.113031	55.344152	0.025674	1.4
195	-0.435072	55.260255	0.160090	1.4
196	-0.189626	55.176696	0.030594	1.4
197	-0.337504	55.093473	0.035839	1.7
198	-0.295578	55.010584	0.057298	3.0
199	-0.450008	54.928027	0.066833	1.5
200	-0.923709	54.845800	0.253792	1.9
201	-0.009240	54.763899	0.014105	1.5
202	-0.501733	54.682325	0.091640	3.1
203	-0.161133	54.601073	0.029395	3.7
204	-0.153443	54.520142	0.040290	2.3
205	-0.694133	54.439531	0.112966	1.8
206	-0.255139	54.359237	0.062798	2.5
207	-0.724887	54.279257	0.061439	11.0
208	-0.734520	54.199591	0.111367	2.2
209	-0.253769	54.120236	0.012598	3.8
210	-0.562053	54.041190	0.120308	2.5
211	-0.165425	53.962451	0.043396	2.0
212	-0.314190	53.884017	0.065935	2.1
213	-0.232516	53.805886	0.019147	2.0
214	-0.244733	53.728057	0.049390	2.2
215	-0.391788	53.650528	0.056931	2.0
216	-0.517887	53.573296	0.056301	2.7
217	-0.525037	53.496359	0.049895	1.9
218	-0.310278	53.419717	0.073193	1.9
219	-0.259230	53.343367	0.129628	2.4
220	-0.638529	53.267307	0.153075	2.2
221	-0.266420	53.191535	0.034797	1.4
222	-1.049949	53.116051	0.262014	1.4
223	-0.221966	53.040851	0.048415	1.5
224	-0.333244	52.965934	0.096715	1.4
225	-0.286239	52.891299	0.076658	1.4
226	-0.481894	52.816944	0.039806	2.0
227	-0.090486	52.742867	0.008259	2.0
228	-0.306188	52.669066	0.072925	1.5
229	-0.219718	52.595540	0.031113	1.5
230	-0.134694	52.522288	0.046325	1.5
231	-0.368160	52.449306	0.034623	1.6
232	-0.160423	52.376595	0.014209	1.5
233	-0.716023	52.304151	0.243067	1.5
234	-0.211521	52.231974	0.024235	1.5
235	-0.502143	52.160062	0.070898	1.4
236	-0.271412	52.088414	0.056483	1.5
237	-0.213746	52.017027	0.054953	3.0
238	-0.464694	51.945901	0.069459	1.7
239	-0.817275	51.875033	0.160060	1.4
240	-0.340439	51.804423	0.067026	1.4
241	-0.561215	51.734069	0.136971	1.5
242	-0.535303	51.663968	0.132515	1.4
243	-0.348790	51.594120	0.067809	1.4
244	-0.432239	51.524524	0.074296	1.6
245	-0.874002	51.455177	0.134881	2.0
246	-0.130551	51.386079	0.017268	2.0
247	-0.432416	51.317228	0.142418	1.9
248	-0.287446	51.248622	0.041212	1.4
249	-0.192499	51.180260	0.032158	1.3
250	-0.278114	51.112141	0.071375	2.5
251	-0.362180	51.044263	0.128721	2.9
252	-0.000062	50.976624	0.000131	4.2
253	-0.232469	50.909225	0.071086	4.0
254	-0.488061	50.842062	0.163334	1.5
255	-0.088972	50.775135	0.030438	1.6
256	-0.281383	50.708443	0.042073	1.6
257	-0.498487	50.641984	0.120066	1.6
258	-0.378188	50.575756	0.089525	1.5
259	-0.425750	50.509759	0.121110	1.4
260	-0.342014	50.443991	0.056023	2.1
261	-0.651137	50.378451	0.094584	2.1
262	-0.882374	50.313138	0.391932	1.4
263	-0.425724	50.248049	0.134387	1.4
264	-0.407828	50.183185	0.059758	1.4
265	-0.030660	50.118544	0.008338	2.0
266	-0.459388	50.054124	0.033685	1.6
267	-0.105188	49.989925	0.047261	1.4
268	-0.436503	49.925945	0.063026	1.6
269	-0.743606	49.862182	0.120106	1.6
270	-0.163233	49.798636	0.009773	3.3
271	-0.127997	49.735306	0.005916	2.0
272	-0.155928	49.672190	0.049709	1.7
273	-0.142664	49.609288	0.024696	1.4
274	-0.372683	49.546597	0.034440	1.6
275	-0.225124	49.484117	0.079463	2.0
276	-0.436480	49.421847	0.064350	1.9
277	-0.497032	49.359785	0.071083	2.1
278	-0.444461	49.297930	0.067172	2.6
279	-0.458013	49.236282	0.035601	2.0
280	-0.993235	49.174839	0.180139	2.1
281	-0.277239	49.113600	0.042574	2.0
282	-0.255538	49.052564	0.078484	1.5
283	-0.376327	48.991730	0.134876	2.1
284	-0.261298	48.931097	0.048097	1.6
285	-0.300097	48.870663	0.095998	2.7
286	-0.499546	48.810428	0.068817	2.1
287	-0.734033	48.750391	0.227946	1.9
288	-0.184312	48.690550	0.019071	1.5
289	-0.171321	48.630905	0.029510	1.4
290	-0.646697	48.571454	0.176297	1.5
291	-0.387280	48.512196	0.077926	1.4
292	-0.263658	48.453131	0.043278	1.9
293	-0.244813	48.394257	0.037030	1.9
294	-0.438344	48.335574	0.085402	1.5
295	-0.196914	48.277079	0.028074	1.6
296	-0.206725	48.218774	0.042485	1.4
297	-0.298425	48.160656	0.015601	3.0
298	-0.568596	48.102724	0.051395	2.4
299	-0.082532	48.044977	0.005203	1.9
300	-0.373712	47.987415	0.163696	2.2
301	-0.564563	47.930037	0.032568	2.4
302	-0.096117	47.872841	0.013414	1.5
303	-0.293084	47.815827	0.046829	1.7
304	-0.481721	47.758994	0.098014	2.1
305	-0.566534	47.702340	0.221047	1.5
306	-0.029449	47.645865	0.018497	1.7
307	-0.357956	47.589569	0.149074	1.5
308	-0.214618	47.533449	0.045193	1.4
309	-0.241079	47.477505	0.050988	1.5
310	-0.297132	47.421737	0.042680	1.5
311	-0.490874	47.366143	0.153118	1.5
312	-0.431297	47.310722	0.074915	1.9
313	-0.532823	47.255474	0.057053	1.5
314	-0.528005	47.200398	0.077129	1.5
315	-0.312851	47.145492	0.050309	1.5
316	-0.527402	47.090757	0.131248	1.5
317	-0.275398	47.036190	0.056286	1.5
318	-0.231825	46.981792	0.008424	1.7
319	-0.646976	46.927562	0.079579	2.7
320	-0.575946	46.873498	0.126374	2.1
321	-0.941435	46.819599	0.169800	1.5
322	-0.627009	46.765866	0.084348	2.3
323	-0.205569	46.712297	0.036788	1.5
324	-0.414593	46.658891	0.149055	2.1
325	-0.484458	46.605648	0.080210	3.4
326	-0.305672	46.552566	0.072128	1.8
327	-0.456115	46.499646	0.070201	2.9
328	-0.578482	46.446885	0.148706	4.0
329	-0.205757	46.394284	0.058719	3.1
330	-0.705021	46.341841	0.204423	2.2
331	-0.129496	46.289556	0.037246	2.4
332	-0.299604	46.237428	0.095360	2.3
333	-0.321744	46.185457	0.024721	3.9
334	-0.411922	46.133640	0.067513	4.0
335	-0.367001	46.081979	0.105521	4.0
336	-0.740428	46.030472	0.166398	18.5
337	-0.385790	45.979117	0.046654	1.7
338	-0.549636	45.927916	0.132102	1.5
339	-0.423392	45.876866	0.104825	1.2
340	-0.280392	45.825967	0.027672	1.2
341	-0.588193	45.775218	0.136738	3.7
342	-0.271328	45.724619	0.055534	2.2
343	-0.674408	45.674169	0.212176	1.2
344	-0.163141	45.623867	0.030153	2.3
345	-0.000020	45.573713	0.000023	2.1
346	-0.174927	45.523705	0.054946	2.2
347	-0.511608	45.473843	0.118381	1.9
348	-0.555540	45.424127	0.150003	3.4
349	-0.179692	45.374555	0.070349	4.0
350	-0.581327	45.325128	0.110186	1.5
351	-0.520984	45.275843	0.210131	1.6
352	-0.339781	45.226702	0.103681	1.6
353	-0.675893	45.177702	0.191037	1.4
354	-0.573274	45.128844	0.092470	1.9
355	-0.530658	45.080126	0.127979	1.9
356	-0.262874	45.031548	0.042421	1.9
357	-0.463596	44.983110	0.075605	2.7
358	-0.014760	44.934810	0.014560	1.6
359	-0.583597	44.886648	0.211521	1.4
360	-0.505000	44.838624	0.178370	1.4
361	-0.340437	44.790737	0.043891	1.5
362	-0.201320	44.742985	0.040513	1.6
363	-0.366693	44.695370	0.045873	1.4
364	-0.230023	44.647889	0.035109	1.4
365	-0.384023	44.600542	0.098604	1.6
366	-0.454137	44.553329	0.112323	2.6
367	-0.516864	44.506249	0.125318	2.5
368	-0.399141	44.459302	0.056567	1.4
369	-0.573525	44.412486	0.074915	3.3
370	-0.223216	44.365801	0.021696	1.5
371	-0.654255	44.319248	0.122663	1.5
372	-0.393700	44.272824	0.099993	1.7
373	-0.656815	44.226529	0.280532	1.3
374	-0.593165	44.180364	0.048772	2.4
375	-0.422186	44.134327	0.185508	1.4
376	-0.343112	44.088417	0.060004	1.4
377	-0.000230	44.042635	0.000307	1.3
378	-0.233970	43.996979	0.023981	1.4
379	-0.135429	43.951449	0.012042	1.2
380	-0.281306	43.906045	0.034589	1.4
381	-0.520808	43.860765	0.050909	2.1
382	-0.531788	43.815610	0.083239	1.9
383	-0.726662	43.770579	0.207717	3.6
384	-0.024709	43.725670	0.015475	1.9
385	-0.186435	43.680885	0.015958	3.5
386	-0.524449	43.636221	0.035884	2.1
387	-0.585307	43.591679	0.127434	1.9
388	-0.203659	43.547258	0.033407	1.7
389	-0.812038	43.502958	0.156280	1.4
390	-0.128193	43.458778	0.029706	1.7
391	-0.193964	43.414717	0.060246	1.8
392	-0.136922	43.370775	0.039221	2.3
393	-0.037277	43.326951	0.002414	2.0
394	-0.249189	43.283245	0.048493	1.4
395	-0.221483	43.239657	0.136907	1.6
396	-0.311269	43.196185	0.081204	1.4
397	-0.580347	43.152830	0.088090	1.4
398	-0.288011	43.109591	0.077209	1.7
399	-0.812900	43.066467	0.217230	3.0
400	-0.046267	43.023458	0.006200	2.3
401	-0.428921	42.980563	0.077211	1.4
402	-0.444578	42.937782	0.101702	1.5
403	-0.438470	42.895115	0.085817	1.4
404	-0.425883	42.852560	0.169950	1.4
405	-0.000000	42.810118	0.000000	1.4
406	-0.168527	42.767787	0.033288	1.8
407	-0.530012	42.725568	0.151670	2.8
408	-0.422676	42.683460	0.041602	5.3
409	-0.003374	42.641463	0.005715	4.7
410	-0.247749	42.599575	0.047153	7.7
411	-0.167919	42.557797	0.055280	2.6
412	-0.770949	42.516128	0.157216	2.3
413	-0.269033	42.474568	0.017441	3.2
414	-0.430237	42.433116	0.066841	4.0
415	-0.667120	42.391772	0.212466	4.0
416	-0.260658	42.350535	0.053417	3.8
417	-0.306750	42.309404	0.053212	2.8
418	-0.383218	42.268380	0.060572	4.2
419	-0.800549	42.227462	0.259489	2.2
420	-0.669072	42.186650	0.086190	1.7
421	-0.759572	42.145942	0.228344	3.7
422	-0.205697	42.105339	0.009524	2.3
423	-0.093926	42.064840	0.033591	1.6
424	-0.152812	42.024445	0.030758	1.8
425	-0.455837	41.984153	0.037265	3.2
426	-0.226158	41.943964	0.051329	2.3
427	-0.443836	41.903877	0.057925	2.0
428	-0.434663	41.863893	0.081442	1.5
429	-0.225399	41.824010	0.052470	1.5
430	-0.274293	41.784228	0.055654	1.3
431	-0.743825	41.744547	0.168745	1.4
432	-0.309957	41.704966	0.067542	1.6
433	-0.579828	41.665485	0.154274	1.6
434	-0.321785	41.626104	0.036967	2.1
435	-0.845005	41.586821	0.198548	2.1
436	-0.502846	41.547638	0.067358	1.9
437	-0.133154	41.508552	0.020924	1.8
438	-0.072494	41.469565	0.004210	1.5
439	-0.362854	41.430675	0.058012	1.8
440	-0.223632	41.391882	0.025103	1.8
441	-0.463800	41.353186	0.069963	1.5
442	-0.802439	41.314587	0.095021	1.8
443	-0.827324	41.276083	0.265914	1.4
444	-0.003982	41.237675	0.000808	1.5
445	-0.595605	41.199361	0.113587	1.3
446	-0.056275	41.161143	0.002176	1.3
447	-0.066421	41.123019	0.005687	1.4
448	-0.128304	41.084989	0.040945	1.3
449	-0.295078	41.047053	0.025590	1.4
450	-0.809863	41.009210	0.145084	1.3
451	-0.508553	40.971460	0.054110	1.3
452	-0.414209	40.933802	0.099414	1.7
453	-0.380027	40.896237	0.032650	2.2
454	-0.461257	40.858763	0.113118	1.4
455	-0.196669	40.821381	0.018720	1.7
456	-0.223382	40.784090	0.079162	1.5
457	-0.403425	40.746889	0.116474	2.6
458	-0.416027	40.709779	0.125804	1.8
459	-0.269096	40.672759	0.023651	1.7
460	-0.361393	40.635829	0.028843	1.6
461	-0.000098	40.598987	0.000027	1.4
462	-0.546935	40.562235	0.165063	1.6
463	-0.671105	40.525571	0.115269	2.0
464	-0.224832	40.488996	0.067716	2.1
465	-0.344420	40.452509	0.131033	1.8
466	-0.820627	40.416109	0.205577	1.5
467	-0.299048	40.379796	0.022691	2.4
468	-0.605100	40.343570	0.149817	1.7
469	-0.478575	40.307431	0.105069	2.1
470	-0.419368	40.271377	0.060893	1.6
471	-0.254681	40.235410	0.073432	1.7
472	-0.165323	40.199528	0.051220	1.4
473	-0.372076	40.163732	0.063872	1.4
474	-0.465088	40.128020	0.148744	1.4
475	-1.121281	40.092393	0.305714	1.6
476	-0.419018	40.056850	0.019032	2.7
477	-0.643005	40.021391	0.101463	1.7
478	-0.877685	39.986016	0.211549	1.6
479	-0.236004	39.950723	0.030649	1.4
480	-0.173476	39.915514	0.032513	1.5
481	-0.019671	39.880388	0.029173	1.4
482	-0.186492	39.845343	0.027229	1.4
483	-0.379275	39.810381	0.109973	1.3
484	-0.287349	39.775500	0.052579	1.4
485	-0.652311	39.740701	0.112905	1.4
486	-0.606601	39.705983	0.064400	1.4
487	-0.382400	39.671346	0.074029	1.5
488	-0.247873	39.636789	0.021512	2.1
489	-0.403836	39.602312	0.070171	1.4
490	-0.006584	39.567915	0.000417	1.4
491	-0.217478	39.533598	0.022344	1.4
492	-0.292027	39.499360	0.026480	1.3
493	-0.621951	39.465200	0.162192	1.4
494	-0.491675	39.431120	0.054033	1.4
495	-0.230770	39.397118	0.021294	1.4
496	-0.403510	39.363194	0.059907	1.4
497	-0.533647	39.329348	0.036271	1.4
498	-0.316416	39.295579	0.083084	1.4
499	-0.874408	39.261887	0.405693	1.7
500	-0.545672	39.228273	0.103359	1.6
501	-0.721933	39.194735	0.177930	1.4
502	-0.313386	39.161273	0.043503	1.4
503	-0.060415	39.127887	0.022007	1.3
504	-0.211314	39.094578	0.017524	1.4
505	-0.175026	39.061343	0.018306	1.4
506	-0.000010	39.028184	0.000016	1.2
507	-0.177431	38.995100	0.045308	1.3
508	-0.384796	38.962091	0.094248	1.5
509	-0.051398	38.929156	0.023441	2.0
510	-0.387850	38.896295	0.058195	1.4
511	-0.344720	38.863508	0.094703	1.3
512	-0.997197	38.830795	0.255059	1.4
513	-0.000001	38.798155	0.000001	0.9
514	-0.175308	38.765588	0.042672	1.4
515	-0.589293	38.733093	0.039333	1.4
516	-0.365565	38.700672	0.025960	1.4
517	-0.104015	38.668322	0.038114	1.4
518	-0.339174	38.636045	0.044359	1.4
519	-0.020044	38.603839	0.008632	1.1
520	-0.319277	38.571705	0.030516	1.4
521	-0.382889	38.539642	0.100594	1.4
522	-0.844659	38.507650	0.213261	1.7
523	-0.099044	38.475729	0.027747	1.4
524	-0.597722	38.443878	0.049981	1.4
525	-0.346441	38.412098	0.031805	1.4
526	-0.412892	38.380387	0.044624	1.4
527	-0.759418	38.348746	0.261139	1.4
528	-0.187706	38.317175	0.012632	1.4
529	-0.427596	38.285672	0.049522	1.9
530	-0.492647	38.254239	0.139402	5.4
531	-0.184383	38.222875	0.036630	4.0
532	-0.281457	38.191579	0.063256	3.8
533	-0.363566	38.160351	0.027382	3.7
534	-0.066407	38.129191	0.009021	5.3
535	-0.175265	38.098099	0.047350	2.9
536	-0.235586	38.067075	0.040010	2.1
537	-0.145477	38.036117	0.027201	3.8
538	-0.418105	38.005227	0.053080	5.9
539	-0.195122	37.974404	0.074802	2.4
540	-0.000000	37.943647	0.000000	2.5
541	-0.781084	37.912956	0.202212	2.7
542	-0.223067	37.882332	0.047852	5.1
543	-0.209494	37.851774	0.047271	3.9
544	-0.377597	37.821281	0.102637	1.8
545	-0.890795	37.790853	0.079499	2.3
546	-0.679307	37.760491	0.125145	5.3
547	-0.513920	37.730194	0.277239	5.4
548	-0.570804	37.699961	0.077009	6.1
549	-0.389199	37.669793	0.043597	1.4
550	-0.053921	37.639690	0.031928	1.4
551	-0.571395	37.609650	0.095429	1.6
552	-0.475670	37.579674	0.189522	1.5
553	-0.656481	37.549762	0.264333	1.5
554	-0.357124	37.519913	0.025826	1.4
555	-0.283377	37.490128	0.056418	1.5
556	-0.505577	37.460405	0.182889	1.4
557	-0.325979	37.430745	0.053958	1.5
558	-0.164516	37.401148	0.028232	2.2
559	-0.250126	37.371613	0.057092	1.7
560	-0.243444	37.342140	0.046509	1.4
561	-0.352673	37.312729	0.037820	1.4
562	-0.197459	37.283380	0.038247	2.6
563	-0.004496	37.254092	0.000010	3.0
564	-0.562378	37.224865	0.079310	2.1
565	-0.287938	37.195700	0.057710	1.4
566	-0.018688	37.166595	0.001299	1.8
567	-0.393914	37.137551	0.132858	1.9
568	-0.318206	37.108568	0.016397	2.5
569	-0.336339	37.079644	0.056071	2.8
570	-0.370256	37.050781	0.113594	2.2
571	-1.028032	37.021978	0.370885	2.1
572	-0.081009	36.993234	0.006944	2.3
573	-0.777458	36.964550	0.148637	1.8
574	-0.116126	36.935925	0.019559	1.4
575	-0.037307	36.907358	0.012853	1.3
576	-0.184773	36.878851	0.017941	1.5
577	-0.362564	36.850403	0.038133	1.7
578	-0.182202	36.822012	0.037212	1.4
579	-0.295845	36.793681	0.053151	1.3
580	-0.306554	36.765407	0.069884	1.8
581	-0.639400	36.737191	0.159345	2.4
582	-0.369744	36.709033	0.068269	1.9
583	-0.178124	36.680932	0.057791	1.5
584	-0.583128	36.652888	0.174753	1.4
585	-0.398580	36.624902	0.015182	1.4
586	-0.275556	36.596972	0.065528	1.6
587	-0.125749	36.569099	0.021651	1.5
588	-0.277111	36.541283	0.037574	2.3
589	-0.389562	36.513523	0.080143	1.6
590	-0.310066	36.485820	0.063980	3.2
591	-0.243881	36.458172	0.079207	3.1
592	-0.455730	36.430580	0.122849	2.8
593	-0.159159	36.403043	0.049232	1.4
594	-0.700266	36.375563	0.167379	1.9
595	-0.501423	36.348137	0.119942	1.9
596	-0.575211	36.320766	0.243903	1.9
597	-0.477516	36.293451	0.078083	1.4
598	-0.883587	36.266190	0.137833	1.9
599	-0.505189	36.238983	0.118750	1.4
600	-0.574446	36.211831	0.144210	1.5
601	-0.348048	36.184733	0.051504	1.6
602	-0.735413	36.157689	0.204747	1.5
603	-0.369107	36.130699	0.054864	1.5
604	-0.542644	36.103763	0.123303	1.6
605	-0.360620	36.076880	0.019319	2.6
606	-0.501615	36.050050	0.105216	2.1
607	-0.709644	36.023274	0.200870	1.4
608	-0.354499	35.996550	0.064989	1.5
609	-0.754921	35.969880	0.120991	1.6
610	-0.611928	35.943262	0.072679	1.8
611	-0.736585	35.916696	0.273536	4.1
612	-0.619425	35.890183	0.127255	5.1
613	-0.404550	35.863721	0.084547	2.9
614	-0.272837	35.837312	0.056552	3.7
615	-0.661417	35.810955	0.209063	3.9
616	-0.203614	35.784649	0.024204	6.8
617	-0.561076	35.758395	0.093014	3.7
618	-0.567135	35.732192	0.060837	3.9
619	-0.615527	35.706040	0.043767	3.3
620	-0.257414	35.679939	0.070679	3.7
621	-0.449860	35.653889	0.152228	2.6
622	-1.079699	35.627889	0.197511	3.0
623	-0.609954	35.601940	0.090254	1.9
624	-0.449378	35.576042	0.076421	5.0
625	-0.774091	35.550193	0.220012	3.1
626	-0.388833	35.524395	0.125203	2.4
627	-0.443199	35.498646	0.091546	1.6
628	-0.189870	35.472948	0.036966	3.6
629	-0.756687	35.447298	0.279074	3.2
630	-0.342184	35.421698	0.071766	1.9
631	-0.208486	35.396148	0.035393	1.7
632	-0.610820	35.370646	0.093799	1.7
633	-0.338137	35.345194	0.061725	1.8
634	-0.434008	35.319790	0.201616	2.3
635	-0.424569	35.294435	0.103090	1.8
636	-0.145379	35.269128	0.032000	1.6
637	-0.327405	35.243870	0.044286	2.9
638	-0.357161	35.218659	0.072895	1.7
639	-0.630910	35.193497	0.168368	2.0
640	-0.628920	35.168383	0.081982	2.3
641	-0.546940	35.143316	0.176126	2.5
642	-0.575851	35.118297	0.168226	1.9
643	-0.628645	35.093326	0.232709	1.9
644	-0.304261	35.068402	0.061174	1.6
645	-0.492672	35.043524	0.115863	1.9
646	-0.618065	35.018694	0.370735	2.0
647	-0.420369	34.993911	0.112006	2.0
648	-0.896477	34.969175	0.152440	1.8
649	-0.687817	34.944485	0.084516	1.8
650	-0.868147	34.919841	0.174370	1.8
651	-0.327470	34.895244	0.081741	2.0
652	-0.856210	34.870693	0.192890	2.7
653	-0.083909	34.846188	0.008463	2.0
654	-0.218270	34.821729	0.064002	1.9
655	-0.399209	34.797315	0.063101	1.7
656	-0.309755	34.772947	0.061449	2.0
657	-0.109444	34.748625	0.027666	2.0
658	-0.426650	34.724348	0.089662	1.5
659	-0.724362	34.700116	0.201274	1.5
660	-0.679522	34.675929	0.065255	1.5
661	-0.388177	34.651787	0.054582	1.4
662	-0.477564	34.627690	0.055883	1.4
663	-0.482764	34.603637	0.050581	1.4
664	-0.469463	34.579629	0.154733	1.5
665	-0.251799	34.555665	0.010480	1.3
666	-0.225296	34.531746	0.053623	1.7
667	-0.778758	34.507871	0.173862	1.4
668	-0.230851	34.484039	0.090659	1.4
669	-0.461503	34.460252	0.090500	2.3
670	-0.656083	34.436508	0.215231	2.9
671	-0.433517	34.412807	0.185884	3.9
672	-0.305667	34.389151	0.037199	3.4
673	-0.188547	34.365537	0.083411	2.0
674	-0.880460	34.341967	0.172512	1.7
675	-0.293706	34.318440	0.070581	1.4
676	-0.548131	34.294955	0.172948	1.4
677	-0.838212	34.271514	0.311902	1.6
678	-0.428556	34.248115	0.073124	1.4
679	-0.393199	34.224759	0.102085	1.4
680	-0.308274	34.201445	0.030643	1.4
681	-0.209846	34.178173	0.084516	1.4
682	-0.222513	34.154944	0.020276	2.1
683	-0.740919	34.131756	0.116346	1.4
684	-0.351317	34.108611	0.091108	1.4
685	-0.706861	34.085507	0.175534	2.7
686	-0.646088	34.062445	0.163726	1.9
687	-0.463919	34.039425	0.177018	1.4
688	-0.182038	34.016446	0.040398	1.6
689	-0.655727	33.993509	0.099309	1.5
690	-0.450746	33.970612	0.082239	1.4
691	-0.000000	33.947757	0.000000	1.4
692	-0.490598	33.924943	0.110977	1.4
693	-0.611310	33.902169	0.134827	1.5
694	-0.843365	33.879436	0.213993	1.9
695	-0.653304	33.856744	0.219993	1.6
696	-0.418922	33.834092	0.127989	1.8
697	-0.763206	33.811481	0.378957	1.4
698	-0.511173	33.788910	0.120625	1.4
699	-0.185331	33.766379	0.014327	1.9
700	-0.488117	33.743888	0.111490	1.9
701	-0.259434	33.721437	0.027109	1.5
702	-0.235531	33.699026	0.046652	1.8
703	-0.103315	33.676654	0.033000	1.6
704	-0.365667	33.654322	0.112542	1.6
705	-0.588019	33.632030	0.197091	1.5
706	-0.456864	33.609776	0.063280	1.7
707	-0.361835	33.587562	0.043136	1.7
708	-0.326607	33.565388	0.008465	1.3
709	-0.160540	33.543252	0.024997	1.4
710	-0.048555	33.521155	0.006453	1.9
711	-0.302076	33.499096	0.024130	1.5
712	-0.343324	33.477077	0.078574	1.3
713	-0.815319	33.455096	0.201129	1.6
714	-0.427835	33.433153	0.048582	1.9
715	-0.637894	33.411249	0.129558	1.7
716	-0.253125	33.389383	0.046021	1.5
717	-0.394144	33.367555	0.105875	1.4
718	-0.335233	33.345765	0.059571	1.3
719	-0.213358	33.324013	0.027961	1.4
720	-0.296250	33.302299	0.109993	1.4
721	-0.251636	33.280623	0.098844	1.4
722	-0.278025	33.258984	0.090274	2.7
723	-0.302114	33.237382	0.065883	2.0
724	-0.535164	33.215818	0.074390	2.1
725	-0.249126	33.194292	0.106020	1.5
726	-1.025771	33.172802	0.522473	1.5
727	-0.541316	33.151349	0.109671	1.6
728	-0.056251	33.129934	0.014937	1.5
729	-0.090053	33.108555	0.010097	1.5
730	-0.489654	33.087213	0.126725	2.1
731	-0.179468	33.065908	0.023854	2.1
732	-0.299675	33.044639	0.026239	2.0
733	-0.136818	33.023406	0.043836	1.5
734	-0.372028	33.002210	0.022651	1.6
735	-0.096517	32.981051	0.020141	4.0
736	-0.254393	32.959927	0.042814	2.1
737	-0.265374	32.938839	0.022802	4.7
738	-0.781785	32.917788	0.063213	2.2
739	-0.337224	32.896772	0.100748	5.4
740	-0.503707	32.875792	0.149034	2.0
741	-0.079877	32.854847	0.008289	2.0
742	-0.077450	32.833938	0.007675	1.9
743	-0.516396	32.813065	0.140159	2.0
744	-0.309440	32.792227	0.031927	2.0
745	-0.504367	32.771424	0.073729	2.2
746	-0.696673	32.750656	0.087157	2.1
747	-0.206965	32.729924	0.013170	4.0
748	-0.530189	32.709226	0.139729	2.0
749	-0.394457	32.688563	0.073330	3.5
750	-0.843841	32.667935	0.108340	1.5
751	-0.012078	32.647342	0.000650	5.1
752	-0.891128	32.626783	0.269678	1.5
753	-0.657781	32.606259	0.072490	1.5
754	-0.231181	32.585769	0.030788	1.6
755	-0.172992	32.565313	0.012027	1.2
756	-0.248380	32.544892	0.031420	1.2
757	-0.257985	32.524505	0.035040	1.2
758	-0.757126	32.504151	0.105896	1.2
759	-0.364425	32.483832	0.120467	1.5
760	-0.671498	32.463547	0.190101	3.3
761	-0.452946	32.443295	0.069301	1.8
762	-0.593921	32.423077	0.161552	1.4
763	-0.797904	32.402892	0.328451	1.9
764	-0.967083	32.382741	0.316427	1.7
765	-0.360373	32.362623	0.058492	1.8
766	-0.265084	32.342539	0.017612	3.0
767	-0.201542	32.322488	0.039896	2.8
768	-0.282576	32.302470	0.039058	3.3
769	-0.474704	32.282485	0.161182	1.4
770	-0.116505	32.262533	0.039139	1.2
771	-0.600890	32.242613	0.042708	1.4
772	-0.131656	32.222727	0.039257	1.7
773	-0.476367	32.202873	0.118812	1.5
774	-0.132913	32.183052	0.039013	1.5
775	-0.225049	32.163263	0.017117	1.5
776	-0.233473	32.143507	0.040857	1.4
777	-0.699323	32.123783	0.075115	1.4
778	-0.391884	32.104091	0.090219	1.9
779	-0.559877	32.084432	0.033080	2.9
780	-0.332988	32.064804	0.073803	1.7
781	-0.591310	32.045209	0.140388	1.3
782	-0.566164	32.025645	0.212546	2.0
783	-0.348603	32.006113	0.039244	1.5
784	-0.494542	31.986613	0.107103	1.7
785	-0.484503	31.967145	0.172277	2.4
786	-0.288002	31.947708	0.089120	1.5
787	-0.946784	31.928302	0.210842	1.4
788	-0.583104	31.908928	0.074804	1.4
789	-0.113234	31.889586	0.031842	1.4
790	-0.789859	31.870274	0.161953	1.4
791	-0.666699	31.850994	0.251655	1.4
792	-0.335307	31.831745	0.024979	1.4
793	-0.631908	31.812527	0.151959	1.4
794	-0.443109	31.793339	0.063300	2.1
795	-0.330852	31.774183	0.047516	1.9
796	-0.703690	31.755057	0.269140	1.5
797	-0.733133	31.735962	0.117424	1.3
798	-0.369188	31.716898	0.062283	2.1
799	-0.555839	31.697864	0.106858	1.9
800	-0.137302	31.678860	0.037279	1.5
801	-0.278484	31.659887	0.031164	1.5
802	-0.744756	31.640944	0.167971	1.5
803	-0.721199	31.622032	0.142691	1.4
804	-0.519959	31.603149	0.263634	1.4
805	-0.686074	31.584296	0.097470	1.5
806	-0.705222	31.565474	0.247796	1.9
807	-0.204986	31.546681	0.051904	1.7
808	-0.610139	31.527918	0.045172	1.5
809	-0.519882	31.509185	0.221793	1.5
810	-0.425934	31.490482	0.080201	1.7
811	-0.339431	31.471808	0.087511	1.3
812	-0.401130	31.453163	0.047067	1.4
813	-0.470918	31.434548	0.045985	1.4
814	-0.276644	31.415963	0.079397	1.4
815	-0.172918	31.397406	0.026817	1.4
816	-0.797529	31.378879	0.421938	1.3
817	-0.261489	31.360381	0.034352	3.2
818	-0.397401	31.341912	0.059106	1.4
819	-0.386491	31.323472	0.107399	1.4
820	-0.643872	31.305061	0.115968	1.4
821	-0.230386	31.286678	0.052498	1.4
822	-0.519739	31.268325	0.035485	1.4
823	-0.545106	31.250000	0.133777	1.3
824	-0.140111	31.231704	0.015225	1.4
825	-0.138241	31.213436	0.050010	1.3
826	-0.167599	31.195197	0.066238	2.1
827	-0.566620	31.176986	0.077356	2.0
828	-1.017737	31.158803	0.275228	1.4
829	-0.430207	31.140649	0.032937	1.3
830	-0.597172	31.122523	0.135076	1.4
831	-0.200897	31.104425	0.018956	1.3
832	-0.429982	31.086355	0.086967	1.5
833	-0.544473	31.068313	0.087822	1.4
834	-0.876364	31.050299	0.385611	1.3
835	-0.197388	31.032313	0.025599	1.3
836	-0.695204	31.014354	0.094466	1.7
837	-0.130382	30.996423	0.013467	1.9
838	-0.817940	30.978520	0.191221	1.5
839	-0.448372	30.960644	0.058560	1.4
840	-0.455535	30.942796	0.073726	1.4
841	-0.646094	30.924976	0.128101	1.4
842	-0.208594	30.907182	0.062216	1.4
843	-0.257994	30.889416	0.065455	1.6
844	-0.128412	30.871677	0.051813	1.5
845	-0.663589	30.853965	0.125186	1.4
846	-0.340801	30.836280	0.081521	1.4
847	-0.433436	30.818623	0.167785	1.4
848	-0.628845	30.800992	0.140144	1.6
849	-0.864120	30.783388	0.082217	1.8
850	-0.524174	30.765811	0.037508	3.0
851	-0.275852	30.748261	0.120634	1.6
852	-0.477420	30.730737	0.079693	1.4
853	-0.408995	30.713240	0.047824	1.4
854	-0.448926	30.695769	0.116202	1.4
855	-0.741314	30.678325	0.124822	5.5
856	-0.424413	30.660907	0.140666	5.7
857	-1.017305	30.643516	0.488298	3.9
858	-0.322581	30.626151	0.035592	3.7
859	-0.656304	30.608812	0.075854	1.9
860	-0.355330	30.591500	0.066360	3.8
861	-0.597941	30.574213	0.072924	2.7
862	-0.094507	30.556952	0.028727	1.4
863	-0.203725	30.539718	0.019652	3.0
864	-0.270184	30.522509	0.030962	2.4
865	-0.234846	30.505326	0.061351	1.6
866	-0.233301	30.488169	0.020552	2.4
867	-0.433185	30.471038	0.107300	1.7
868	-0.619027	30.453932	0.204657	1.7
869	-0.575638	30.436852	0.160076	3.1
870	-0.388715	30.419797	0.024061	3.3
871	-0.344884	30.402768	0.042739	2.7
872	-0.440119	30.385764	0.038880	1.5
873	-0.346564	30.368786	0.093807	5.6
874	-0.500706	30.351833	0.108257	2.9
875	-0.728122	30.334905	0.103542	1.6
876	-0.468173	30.318002	0.077180	2.5
877	-0.303812	30.301124	0.123667	2.5
878	-0.517199	30.284271	0.090554	8.0
879	-0.344557	30.267444	0.096580	1.4
880	-0.446929	30.250641	0.107879	1.6
881	-0.661793	30.233863	0.121238	1.4
882	-0.154452	30.217110	0.028973	1.4
883	-0.435390	30.200381	0.147377	1.8
884	-0.449759	30.183678	0.214108	1.7
885	-0.466999	30.166998	0.080556	1.8
886	-1.334769	30.150344	0.339976	1.5
887	-0.776517	30.133714	0.246382	1.5
888	-0.357836	30.117108	0.029762	2.0
889	-0.435479	30.100527	0.019977	2.8
890	-0.141303	30.083970	0.057264	1.6
891	-0.117291	30.067437	0.050442	1.4
892	-0.402665	30.050929	0.032022	1.3
893	-0.901344	30.034444	0.239705	2.9
894	-0.527207	30.017984	0.068424	1.5
895	-0.313940	30.001548	0.112765	1.8
896	-0.612129	29.985136	0.188500	1.7
897	-0.595579	29.968747	0.059602	1.5
898	-0.441511	29.952383	0.095993	1.4
899	-0.359645	29.936042	0.056439	1.4
900	-0.794542	29.919725	0.127403	1.6
901	-0.756164	29.903432	0.275371	1.5
902	-0.182011	29.887163	0.021572	1.4
903	-0.077479	29.870917	0.019224	1.4
904	-0.106868	29.854694	0.033011	1.6
905	-0.961789	29.838495	0.208044	1.7
906	-0.483733	29.822320	0.044156	1.6
907	-0.157774	29.806168	0.052353	2.5
908	-0.008183	29.790039	0.009809	1.4
909	-0.310270	29.773933	0.045877	1.4
910	-0.873574	29.757851	0.219980	1.4
911	-0.615665	29.741791	0.116414	2.5
912	-0.872731	29.725755	0.099197	1.9
913	-0.796695	29.709742	0.159208	1.6
914	-1.000821	29.693752	0.184767	1.8
915	-0.420335	29.677785	0.122891	1.6
916	-0.011498	29.661840	0.012167	1.6
917	-1.081849	29.645919	0.370160	1.4
918	-0.234284	29.630020	0.034423	1.7
919	-0.366645	29.614144	0.100028	1.4
920	-0.079667	29.598290	0.030195	1.5
921	-0.344318	29.582460	0.057809	1.4
922	-0.657156	29.566651	0.271833	1.5
923	-0.136290	29.550866	0.047450	1.4
924	-0.379724	29.535102	0.060465	1.5
925	-0.341838	29.519362	0.027640	2.3
926	-0.800872	29.503643	0.234350	1.7
927	-0.441760	29.487947	0.093542	1.4
928	-0.235843	29.472273	0.044404	1.5
929	-0.294391	29.456621	0.061427	1.4
930	-0.230483	29.440992	0.010655	1.4
931	-0.400547	29.425384	0.034032	1.3
932	-0.794579	29.409799	0.388734	1.6
933	-0.212292	29.394235	0.071426	1.4
934	-0.499060	29.378694	0.069379	1.4
935	-0.381683	29.363174	0.155047	2.2
936	-0.589238	29.347676	0.142039	1.4
937	-0.471897	29.332200	0.126880	1.9
938	-0.394237	29.316746	0.042874	2.2
939	-0.636104	29.301313	0.163174	1.9
940	-0.241551	29.285902	0.031357	1.9
941	-0.487891	29.270513	0.111115	2.0
942	-0.158526	29.255145	0.052058	2.5
943	-0.672283	29.239799	0.141474	1.7
944	-0.870272	29.224474	0.327879	1.9
945	-0.628195	29.209171	0.117386	2.5
946	-0.145940	29.193888	0.024228	6.3
947	-0.338892	29.178628	0.083592	3.7
948	-0.343183	29.163388	0.059581	2.9
949	-0.275561	29.148170	0.065265	3.6
950	-0.305360	29.132973	0.054438	3.8
951	-0.549377	29.117797	0.129264	3.6
952	-0.963067	29.102642	0.201735	3.4
953	-0.474043	29.087508	0.153884	3.0
954	-0.000936	29.072395	0.001281	3.3
955	-0.280092	29.057303	0.075523	2.1
956	-0.496803	29.042231	0.193917	2.2
957	-0.440710	29.027181	0.074685	7.4
958	-0.334220	29.012151	0.129193	1.7
959	-0.397824	28.997142	0.048522	1.4
960	-0.518197	28.982154	0.174850	1.6
961	-0.686758	28.967187	0.120330	1.5
962	-0.631508	28.952240	0.198222	2.1
963	-0.625056	28.937313	0.129913	1.6
964	-0.710836	28.922407	0.183080	1.5
965	-0.702704	28.907522	0.248977	1.6
966	-0.196053	28.892657	0.056592	1.6
967	-0.241135	28.877812	0.057847	1.5
968	-0.486969	28.862988	0.226491	1.5
969	-0.147582	28.848184	0.061476	1.4
970	-0.823717	28.833400	0.224359	1.4
971	-0.329032	28.818636	0.084171	1.4
972	-0.886896	28.803893	0.186344	1.5
973	-0.284665	28.789170	0.056814	1.4
974	-0.685153	28.774466	0.124613	1.5
975	-0.757010	28.759783	0.188733	1.5
976	-0.133230	28.745119	0.064580	1.5
977	-0.620674	28.730476	0.125845	1.5
978	-0.618557	28.715852	0.151196	1.4
979	-0.353621	28.701249	0.016292	1.5
980	-0.424249	28.686665	0.133391	1.5
981	-0.598301	28.672100	0.088186	1.6
982	-0.680507	28.657556	0.226423	2.1
983	-0.139630	28.643031	0.047968	1.5
984	-0.399887	28.628526	0.098594	1.5
985	-0.670722	28.614040	0.211492	1.5
986	-0.389888	28.599574	0.124539	1.5
987	-0.474606	28.585127	0.129197	1.8
988	-0.275335	28.570700	0.160201	1.6
989	-0.559972	28.556292	0.232774	1.6
990	-0.502175	28.541904	0.128681	1.5
991	-0.905666	28.527535	0.383146	1.5
992	-0.457551	28.513185	0.051239	1.5
993	-0.330877	28.498854	0.069057	1.4
994	-0.329925	28.484543	0.044193	1.5
995	-0.856581	28.470250	0.245584	1.5
996	-0.098298	28.455977	0.006482	1.5
997	-1.012579	28.441723	0.183509	1.5
998	-0.105520	28.427488	0.010826	1.6
999	-0.249626	28.413272	0.047492	1.5
1000	-0.523093	28.399075	0.100642	1.9
1001	-0.261055	28.384897	0.061737	4.4
1002	-0.348351	28.370737	0.066819	2.5
1003	-0.618057	28.356597	0.210054	2.0
1004	-0.308667	28.342475	0.075453	3.5
1005	-0.371153	28.328372	0.072157	2.1
1006	-0.921345	28.314287	0.210428	2.1
1007	-0.596517	28.300222	0.134240	2.0
1008	-0.475814	28.286174	0.074207	1.3
1009	-0.301791	28.272146	0.116294	1.6
1010	-0.252419	28.258136	0.085029	1.4
1011	-0.337619	28.244144	0.053697	1.4
1012	-0.433476	28.230171	0.084953	1.4
1013	-0.125351	28.216217	0.036582	1.7
1014	-0.399033	28.202281	0.121396	2.6
1015	-0.510935	28.188363	0.043530	2.5
1016	-0.650956	28.174463	0.173080	1.9
1017	-0.280932	28.160582	0.110105	1.9
1018	-0.864393	28.146719	0.251452	1.6
1019	-0.594644	28.132874	0.141143	1.5
1020	-0.420212	28.119047	0.057261	1.4
1021	-0.693845	28.105238	0.132887	1.5
1022	-0.709714	28.091448	0.279989	1.7
1023	-0.375961	28.077675	0.053347	1.4
1024	-0.374261	28.063921	0.031086	1.4
1025	-0.406645	28.050184	0.137153	1.7
1026	-0.362573	28.036465	0.054009	1.4
1027	-0.834393	28.022764	0.170382	1.6
1028	-0.314548	28.009081	0.043846	1.7
1029	-0.335545	27.995416	0.164891	1.6
1030	-0.694810	27.981769	0.214183	1.4
1031	-0.762740	27.968139	0.204366	1.4
1032	-0.527875	27.954527	0.087391	1.6
1033	-0.445350	27.940933	0.154000	2.1
1034	-0.600736	27.927356	0.193525	2.4
1035	-0.951901	27.913797	0.224485	1.8
1036	-0.946383	27.900255	0.448451	1.5
1037	-0.076903	27.886731	0.025463	1.5
1038	-0.398323	27.873224	0.064330	1.4
1039	-0.704033	27.859735	0.095172	2.7
1040	-0.124896	27.846263	0.018596	1.4
1041	-0.499103	27.832809	0.134399	1.6
1042	-0.147353	27.819372	0.028238	1.6
1043	-0.357325	27.805952	0.018306	1.4
1044	-0.106496	27.792549	0.029161	1.6
1045	-0.233268	27.779164	0.037243	1.9
1046	-0.442844	27.765796	0.058478	1.9
1047	-0.642303	27.752445	0.179994	1.9
1048	-0.768291	27.739111	0.195644	2.3
1049	-0.308358	27.725794	0.084293	2.5
1050	-0.230365	27.712494	0.025960	2.5
1051	-0.832109	27.699211	0.171244	1.6
1052	-0.416561	27.685945	0.129011	1.7
1053	-0.266900	27.672696	0.056668	1.9
1054	-0.380834	27.659464	0.089708	1.4
1055	-0.676148	27.646249	0.223490	1.4
1056	-0.773100	27.633050	0.120551	1.6
1057	-0.554972	27.619869	0.143838	1.4
1058	-0.404143	27.606704	0.059074	1.6
1059	-0.157047	27.593556	0.006724	1.6
1060	-0.519931	27.580424	0.142894	2.7
1061	-0.732358	27.567310	0.261761	3.0
1062	-0.490849	27.554211	0.067933	3.2
1063	-0.596550	27.541130	0.179132	6.4
1064	-0.598213	27.528065	0.133062	3.5
1065	-0.217752	27.515016	0.069718	2.8
1066	-0.384083	27.501984	0.121933	2.1
1067	-0.720123	27.488968	0.276295	2.1
1068	-0.357660	27.475969	0.052573	2.0
1069	-0.271504	27.462986	0.059094	2.1
1070	-0.255043	27.450020	0.097841	2.5
1071	-0.812795	27.437070	0.095152	8.5
1072	-0.591923	27.424136	0.146130	2.2
1073	-0.478423	27.411218	0.137759	2.0
1074	-1.199321	27.398317	0.324154	1.7
1075	-0.854036	27.385432	0.542877	2.4
1076	-0.310908	27.372563	0.028333	1.4
1077	-0.288755	27.359710	0.009101	1.2
1078	-0.128908	27.346873	0.018325	1.3
1079	-0.319987	27.334052	0.072757	1.5
1080	-0.201323	27.321247	0.025079	1.1
1081	-0.303309	27.308458	0.035194	1.2
1082	-0.409522	27.295685	0.022363	1.4
1083	-0.273989	27.282928	0.056624	1.7
1084	-0.188686	27.270187	0.022050	1.6
1085	-0.169163	27.257462	0.037327	2.8
1086	-0.000002	27.244753	0.000006	3.5
1087	-0.585114	27.232059	0.080411	3.9
1088	-0.478457	27.219381	0.086675	1.6
1089	-0.541777	27.206719	0.226217	2.0
1090	-0.615625	27.194072	0.113664	1.5
1091	-0.260856	27.181442	0.040558	1.4
1092	-0.135358	27.168827	0.023014	1.4
1093	-0.571739	27.156227	0.142457	1.8
1094	-0.742287	27.143643	0.068902	2.0
1095	-0.120268	27.131075	0.042153	1.5
1096	-0.572580	27.118522	0.206012	2.2
1097	-0.297973	27.105984	0.076845	1.4
1098	-0.349088	27.093462	0.085763	1.7
1099	-0.102737	27.080956	0.009357	1.4
1100	-0.198060	27.068464	0.034769	1.4
1101	-0.372014	27.055988	0.030399	1.4
1102	-0.244890	27.043528	0.048081	1.4
1103	-0.229666	27.031083	0.046158	1.4
1104	-0.000954	27.018653	0.000869	1.4
1105	-0.819296	27.006238	0.183747	1.5
1106	-0.408878	26.993838	0.055034	1.5
1107	-0.827297	26.981454	0.277401	1.4
1108	-0.561435	26.969085	0.041395	2.4
1109	-0.477381	26.956731	0.067184	1.4
1110	-0.397387	26.944392	0.075166	1.4
1111	-0.602860	26.932068	0.114399	1.4
1112	-0.487648	26.919759	0.116665	1.4
1113	-0.988279	26.907465	0.608187	2.3
1114	-0.594931	26.895185	0.101116	1.4
1115	-0.433658	26.882921	0.024973	1.8
1116	-0.313948	26.870672	0.045489	1.6
1117	-0.444258	26.858438	0.125366	1.5
1118	-0.415874	26.846218	0.060080	1.4
1119	-0.162283	26.834014	0.016734	1.5
1120	-0.326419	26.821824	0.048138	1.5
1121	-0.475637	26.809649	0.116111	1.3
1122	-0.203883	26.797488	0.018499	1.5
1123	-0.133678	26.785343	0.014893	1.3
1124	-0.285821	26.773211	0.018770	1.4
1125	-0.133562	26.761095	0.016511	1.4
1126	-0.089340	26.748993	0.020372	1.4
1127	-0.865374	26.736906	0.103719	1.5
1128	-0.210542	26.724833	0.012011	2.0
1129	-0.415111	26.712775	0.094257	1.6
1130	-0.680648	26.700732	0.066490	1.3
1131	-0.681182	26.688703	0.073402	1.3
1132	-0.671591	26.676688	0.115355	1.4
1133	-0.290507	26.664687	0.052466	1.3
1134	-0.739266	26.652702	0.191901	1.4
1135	-0.202925	26.640730	0.012916	1.7
1136	-0.565127	26.628773	0.145240	1.6
1137	-0.140977	26.616830	0.041920	1.3
1138	-0.234808	26.604901	0.041018	1.2
1139	-0.476367	26.592987	0.306680	1.3
1140	-0.269346	26.581087	0.043899	1.4
1141	-0.074448	26.569201	0.015987	1.4
1142	-0.126864	26.557329	0.019837	1.3
1143	-0.463478	26.545471	0.071970	1.4
1144	-0.274016	26.533627	0.027831	1.4
1145	-0.167539	26.521798	0.045989	1.3
1146	-0.261159	26.509982	0.034113	1.2
1147	-0.202477	26.498181	0.043920	1.3
1148	-0.789866	26.486393	0.123378	1.5
1149	-0.269557	26.474620	0.053040	2.1
1150	-0.490919	26.462860	0.070918	1.4
1151	-0.415074	26.451115	0.104353	1.4
1152	-0.417482	26.439383	0.057401	1.4
1153	-0.407746	26.427665	0.130250	1.4
1154	-0.599544	26.415961	0.127054	1.4
1155	-0.000424	26.404271	0.000420	1.4
1156	-0.423743	26.392595	0.165263	1.4
1157	-0.329357	26.380932	0.065375	1.5
1158	-1.234122	26.369283	0.283398	1.7
1159	-0.472962	26.357648	0.167147	1.4
1160	-0.816421	26.346026	0.236957	1.4
1161	-0.924905	26.334418	0.235739	1.4
1162	-0.427648	26.322824	0.131513	1.4
1163	-0.291191	26.311243	0.031637	1.4
1164	-0.642170	26.299676	0.180075	1.4
1165	-0.439412	26.288123	0.116913	1.3
1166	-0.613475	26.276583	0.351396	1.3
1167	-0.239350	26.265056	0.033021	1.4
1168	-0.353052	26.253543	0.062787	1.3
1169	-0.615441	26.242044	0.155416	1.6
1170	-0.443843	26.230558	0.135118	2.1
1171	-0.896551	26.219085	0.134382	1.5
1172	-0.406799	26.207625	0.061772	1.3
1173	-0.152564	26.196179	0.007158	1.6
1174	-0.218044	26.184747	0.063475	2.1
1175	-0.198672	26.173327	0.049410	1.4
1176	-1.030077	26.161921	0.191149	1.3
1177	-0.363247	26.150528	0.091651	1.4
1178	-0.318778	26.139148	0.099753	1.4
1179	-0.502790	26.127782	0.215736	2.0
1180	-0.972104	26.116429	0.304480	2.1
1181	-0.218488	26.105088	0.055618	4.6
1182	-0.053008	26.093761	0.013314	3.7
1183	-0.330187	26.082447	0.043850	2.0
1184	-0.259866	26.071147	0.055708	1.9
1185	-0.609267	26.059859	0.182036	2.5
1186	-0.676178	26.048584	0.167919	12.1
1187	-0.368457	26.037322	0.066690	4.7
1188	-0.522305	26.026073	0.183984	2.4
1189	-1.009672	26.014837	0.330897	2.2
1190	-0.469376	26.003614	0.021526	2.1
1191	-0.293805	25.992404	0.027091	2.2
1192	-0.252260	25.981207	0.072414	4.6
1193	-0.577466	25.970023	0.078990	1.7
1194	-0.088659	25.958851	0.009919	1.8
1195	-0.160369	25.947693	0.051081	1.5
1196	-0.382969	25.936547	0.079968	1.5
1197	-0.242169	25.925414	0.026200	4.4
1198	-0.999228	25.914293	0.375514	1.8
1199	-0.670679	25.903185	0.108338	3.7
1200	-0.283575	25.892090	0.085969	6.9
1201	-0.323935	25.881008	0.094317	4.0
1202	-0.523725	25.869938	0.035890	4.0
1203	-0.315304	25.858881	0.067770	2.5
1204	-1.050152	25.847837	0.316328	2.1
1205	-0.234135	25.836805	0.060443	1.9
1206	-0.398892	25.825785	0.050222	2.0
1207	-0.437117	25.814778	0.105972	1.9
1208	-0.169648	25.803784	0.020697	1.5
1209	-0.331567	25.792802	0.052545	1.4
1210	-0.413017	25.781833	0.030823	1.3
1211	-0.279962	25.770876	0.039616	1.4
1212	-0.503339	25.759931	0.099742	1.5
1213	-0.247512	25.748999	0.056750	1.5
1214	-0.858113	25.738079	0.217819	4.4
1215	-0.307919	25.727172	0.054183	3.9
1216	-0.211156	25.716276	0.075907	2.1
1217	-0.304426	25.705394	0.068862	1.5
1218	-0.265620	25.694523	0.105872	1.5
1219	-0.602538	25.683665	0.192212	1.4
1220	-0.410423	25.672818	0.058006	2.4
1221	-0.929289	25.661984	0.313512	3.2
1222	-0.241844	25.651163	0.082125	1.3
1223	-0.294779	25.640353	0.083001	1.5
1224	-0.304612	25.629556	0.077187	1.6
1225	-0.666314	25.618770	0.229540	1.6
1226	-0.399130	25.607997	0.142144	1.7
1227	-0.000000	25.597236	0.000000	2.0
1228	-0.436331	25.586487	0.093360	2.5
1229	-1.062786	25.575750	0.402432	1.8
1230	-0.481651	25.565025	0.189952	1.7
1231	-0.286810	25.554312	0.091054	2.3
1232	-0.113733	25.543610	0.026824	1.6
1233	-0.418210	25.532921	0.046745	1.9
1234	-0.464457	25.522244	0.061653	1.5
1235	-0.297964	25.511579	0.064517	1.5
1236	-0.397072	25.500925	0.094524	1.8
1237	-0.656479	25.490283	0.223850	1.7
1238	-0.732314	25.479654	0.071526	1.4
1239	-0.345407	25.469036	0.151287	1.6
1240	-0.322551	25.458429	0.109747	1.4
1241	-0.732907	25.447835	0.235228	1.9
1242	-0.467495	25.437252	0.095993	1.4
1243	-0.759785	25.426681	0.144855	1.4
1244	-0.806564	25.416122	0.472999	1.4
1245	-0.574384	25.405574	0.046568	3.5
1246	-0.296500	25.395039	0.027104	1.7
1247	-0.401383	25.384514	0.063518	1.4
1248	-0.408470	25.374002	0.059882	1.5
1249	-0.241172	25.363501	0.069440	2.1
1250	-0.299778	25.353011	0.028164	1.5
1251	-0.063775	25.342533	0.012339	1.4
1252	-0.493229	25.332067	0.161892	1.5
1253	-0.484299	25.321612	0.141719	2.0
1254	-0.683781	25.311169	0.145515	1.4
1255	-0.132649	25.300737	0.048097	1.6
1256	-0.479874	25.290317	0.141418	1.7
1257	-0.543890	25.279908	0.076735	1.4
1258	-0.410545	25.269510	0.094073	8.9
1259	-0.340802	25.259124	0.057828	2.8
1260	-0.345433	25.248749	0.103248	1.6
1261	-0.778284	25.238386	0.204677	1.5
1262	-0.469389	25.228034	0.131337	3.0
1263	-0.624981	25.217693	0.229041	3.3
1264	-0.664543	25.207363	0.153571	1.8
1265	-0.503097	25.197045	0.206182	1.7
1266	-0.470576	25.186738	0.133753	1.4
1267	-0.626547	25.176442	0.113607	1.4
1268	-0.411862	25.166158	0.082864	3.3
1269	-0.694833	25.155885	0.198543	2.7
1270	-0.576610	25.145623	0.199066	1.8
1271	-0.579386	25.135372	0.235544	1.9
1272	-0.673647	25.125132	0.168934	6.1
1273	-0.053022	25.114903	0.035567	8.5
1274	-0.650794	25.104685	0.196365	2.1
1275	-0.281840	25.094479	0.076763	10.2
1276	-0.453357	25.084283	0.117933	2.1
1277	-0.803187	25.074099	0.232497	2.2
1278	-0.449212	25.063926	0.171273	2.1
1279	-0.784329	25.053763	0.221929	2.2
1280	-0.453600	25.043612	0.118813	3.6
1281	-0.000000	25.033471	0.000000	2.5
1282	-0.476004	25.023342	0.126695	1.4
1283	-0.232367	25.013223	0.056185	1.4
1284	-0.765619	25.003115	0.314757	1.4
1285	-0.412570	24.993018	0.090588	1.3
1286	-0.598977	24.982932	0.084183	1.1
1287	-0.703124	24.972857	0.522242	4.8
1288	-0.294705	24.962793	0.058736	1.4
1289	-0.165428	24.952740	0.023889	1.4
1290	-0.172462	24.942697	0.030673	1.3
1291	-0.764167	24.932665	0.163370	1.8
1292	-0.000000	24.922644	0.000000	1.5
1293	-0.739539	24.912633	0.178604	1.5
1294	-0.427805	24.902634	0.099491	1.4
1295	-0.259575	24.892645	0.082212	1.4
1296	-0.358117	24.882666	0.016724	1.4
1297	-0.148078	24.872699	0.052694	1.4
1298	-0.643930	24.862742	0.102534	1.6
1299	-0.777893	24.852795	0.165902	2.0
1300	-0.544113	24.842859	0.059021	1.5
1301	-0.566780	24.832934	0.106232	1.8
1302	-0.347416	24.823019	0.112288	1.8
1303	-0.543350	24.813115	0.097002	1.5
1304	-0.350304	24.803222	0.070192	1.4
1305	-0.483740	24.793339	0.127469	1.4
1306	-0.976246	24.783466	0.199240	1.4
1307	-0.461036	24.773604	0.161810	1.4
1308	-0.543309	24.763752	0.101821	1.4
1309	-0.092282	24.753911	0.019955	1.4
1310	-0.536874	24.744080	0.215587	1.4
1311	-0.872171	24.734260	0.114920	1.4
1312	-0.471357	24.724450	0.166614	1.4
1313	-0.264616	24.714650	0.033894	1.4
1314	-0.484175	24.704861	0.117568	1.4
1315	-0.513441	24.695082	0.251128	1.6
1316	-0.107782	24.685314	0.043334	1.4
1317	-0.218932	24.675555	0.067831	1.3
1318	-0.822566	24.665807	0.530961	1.7
1319	-0.321051	24.656069	0.048017	4.4
1320	-0.435879	24.646342	0.158268	6.7
1321	-0.299531	24.636624	0.102673	1.6
1322	-0.409891	24.626917	0.166725	1.5
1323	-0.498863	24.617220	0.185618	1.6
1324	-0.241101	24.607534	0.078311	1.4
1325	-0.678789	24.597857	0.104168	1.3
1326	-0.724301	24.588191	0.109048	1.5
1327	-0.451938	24.578534	0.184980	1.4
1328	-0.556591	24.568888	0.155109	1.7
1329	-0.341159	24.559252	0.116330	2.0
1330	-0.132741	24.549626	0.002032	1.6
1331	-0.211318	24.540010	0.008391	1.4
1332	-0.267719	24.530404	0.033173	1.7
1333	-0.723284	24.520808	0.133928	2.5
1334	-0.272323	24.511222	0.029334	1.6
1335	-0.768161	24.501646	0.294989	1.5
1336	-0.410863	24.492080	0.101272	3.0
1337	-0.560746	24.482524	0.136578	2.0
1338	-0.374881	24.472978	0.106968	1.6
1339	-0.660692	24.463442	0.222877	2.1
1340	-0.132849	24.453916	0.003402	1.5
1341	-0.311570	24.444399	0.058847	1.6
1342	-0.733965	24.434893	0.278178	1.9
1343	-0.376934	24.425396	0.082953	1.4
1344	-0.147825	24.415909	0.028366	1.4
1345	-0.737755	24.406432	0.218140	1.7
1346	-0.661240	24.396965	0.212813	1.7
1347	-0.304258	24.387508	0.075966	2.8
1348	-0.743744	24.378060	0.140520	1.5
1349	-0.191619	24.368622	0.039040	2.2
1350	-0.957735	24.359194	0.390067	1.4
1351	-0.428879	24.349776	0.146098	1.4
1352	-0.729336	24.340367	0.242752	1.7
1353	-0.504073	24.330968	0.046413	1.5
1354	-0.000000	24.321579	0.000000	1.7
1355	-0.612533	24.312199	0.144835	1.7
1356	-0.453247	24.302829	0.034396	1.8
1357	-0.596765	24.293468	0.117268	1.5
1358	-0.594189	24.284118	0.085570	1.9
1359	-0.593412	24.274776	0.110883	1.6
1360	-0.491075	24.265445	0.261584	1.7
1361	-0.383333	24.256123	0.059435	1.3
1362	-0.527138	24.246810	0.139284	1.4
1363	-0.724408	24.237507	0.085984	1.4
1364	-0.599787	24.228213	0.092747	1.4
1365	-0.186969	24.218929	0.072629	1.4
1366	-0.745272	24.209655	0.219656	1.4
1367	-0.465885	24.200390	0.163944	1.6
1368	-0.441343	24.191134	0.140341	2.1
1369	-0.292261	24.181888	0.112080	1.7
1370	-0.498114	24.172651	0.102848	2.0
1371	-1.383607	24.163424	0.297302	1.9
1372	-0.300547	24.154206	0.079255	1.9
1373	-0.921309	24.144997	0.196864	1.7
1374	-0.217668	24.135798	0.014606	1.4
1375	-0.459541	24.126608	0.179572	2.3
1376	-0.688070	24.117427	0.207044	1.9
1377	-0.426024	24.108256	0.140437	1.4
1378	-0.324576	24.099094	0.098644	1.4
1379	-0.390791	24.089941	0.098634	1.4
1380	-0.162979	24.080798	0.057375	1.6
1381	-0.719674	24.071664	0.225062	1.4
1382	-0.408070	24.062539	0.078872	1.7
1383	-0.456047	24.053423	0.093276	1.8
1384	-0.586963	24.044316	0.227553	3.6
1385	-0.482429	24.035219	0.106886	3.0
1386	-0.664890	24.026131	0.171990	2.5
1387	-0.818868	24.017052	0.187978	1.9
1388	-0.421708	24.007982	0.116400	1.9
1389	-1.082730	23.998921	0.624315	1.8
1390	-0.114580	23.989870	0.025528	7.4
1391	-0.194294	23.980827	0.053630	3.6
1392	-0.705717	23.971794	0.152480	1.8
1393	-0.560241	23.962769	0.095300	1.9
1394	-0.837758	23.953754	0.469661	9.7
1395	-0.259621	23.944748	0.035417	2.1
1396	-0.416237	23.935750	0.011871	2.1
1397	-0.155811	23.926762	0.019080	2.1
1398	-0.222487	23.917783	0.025816	2.0
1399	-0.203495	23.908812	0.034628	2.1
1400	-0.390579	23.899851	0.046488	2.0
1401	-0.559815	23.890899	0.025966	1.7
1402	-0.276137	23.881955	0.029325	1.6
1403	-0.222950	23.873021	0.024331	1.5
1404	-0.214485	23.864095	0.007887	1.6
1405	-0.323046	23.855179	0.115492	1.9
1406	-0.336292	23.846271	0.059670	3.7
1407	-0.810001	23.837372	0.164206	1.6
1408	-0.232143	23.828482	0.011807	2.3
1409	-0.451746	23.819600	0.024066	2.1
1410	-0.147663	23.810728	0.017854	2.0
1411	-0.214214	23.801864	0.037938	2.1
1412	-0.469526	23.793009	0.069675	2.3
1413	-0.377362	23.784163	0.058082	1.9
1414	-0.598334	23.775326	0.128754	2.0
1415	-0.129397	23.766497	0.017323	1.8
1416	-0.643547	23.757678	0.208393	1.4
1417	-0.572069	23.748866	0.065917	1.4
1418	-0.317520	23.740064	0.044808	1.4
1419	-0.209839	23.731270	0.017748	1.4
1420	-0.539054	23.722485	0.145453	1.5
1421	-0.196204	23.713709	0.043979	1.4
1422	-0.117802	23.704941	0.029505	1.4
1423	-0.419517	23.696182	0.048717	1.9
1424	-0.352281	23.687432	0.087323	2.5
1425	-0.162397	23.678690	0.008679	1.6
1426	-0.339974	23.669957	0.072015	1.6
1427	-0.479963	23.661232	0.079599	1.4
1428	-0.828314	23.652516	0.217958	1.6
1429	-0.210037	23.643808	0.023275	1.5
1430	-0.355094	23.635110	0.052195	1.5
1431	-0.755563	23.626419	0.137506	1.4
1432	-0.297157	23.617737	0.088443	1.3
1433	-0.939054	23.609064	0.205255	1.4
1434	-0.467015	23.600399	0.180969	1.6
1435	-0.179920	23.591742	0.006899	1.9
1436	-0.535887	23.583094	0.172005	1.9
1437	-1.156398	23.574455	0.496413	1.9
1438	-0.576545	23.565824	0.028156	1.7
1439	-0.405292	23.557201	0.059583	1.5
1440	-0.608746	23.548587	0.109581	1.6
1441	-0.108438	23.539981	0.064155	1.7
1442	-0.082421	23.531383	0.064535	1.9
1443	-0.000000	23.522794	0.000000	1.7
1444	-0.115216	23.514213	0.007620	1.3
1445	-0.751459	23.505641	0.254723	1.7
1446	-0.606003	23.497077	0.092857	1.5
1447	-0.160535	23.488521	0.041575	1.4
1448	-0.312896	23.479973	0.071116	1.6
1449	-0.656738	23.471434	0.186985	1.5
1450	-0.256446	23.462903	0.040443	1.5
1451	-0.317970	23.454381	0.062959	1.6
1452	-0.894929	23.445866	0.139509	1.5
1453	-0.323548	23.437360	0.036745	1.6
1454	-0.061653	23.428862	0.018528	1.6
1455	-0.404017	23.420372	0.134253	1.4
1456	-0.301558	23.411891	0.041473	1.3
1457	-0.870718	23.403417	0.203581	1.3
1458	-0.596388	23.394952	0.133707	1.3
1459	-0.433260	23.386495	0.214005	1.4
1460	-0.690118	23.378046	0.273596	1.4
1461	-0.476985	23.369606	0.153815	1.4
1462	-0.004399	23.361173	0.000044	2.1
1463	-0.333118	23.352749	0.028833	1.4
1464	-0.207412	23.344332	0.171058	1.4
1465	-0.616316	23.335924	0.251539	1.5
1466	-0.272199	23.327524	0.054579	1.8
1467	-0.406630	23.319131	0.110308	1.6
1468	-0.368081	23.310747	0.115561	1.4
1469	-0.700947	23.302371	0.186129	1.4
1470	-0.808631	23.294003	0.199397	1.4
1471	-0.520620	23.285643	0.147986	1.4
1472	-0.709859	23.277291	0.200050	1.4
1473	-0.363023	23.268947	0.140840	1.4
1474	-0.000000	23.260610	0.000000	1.4
1475	-1.002746	23.252282	0.344172	1.4
1476	-0.876126	23.243962	0.282116	1.4
1477	-0.045140	23.235650	0.027905	1.4
1478	-0.260159	23.227345	0.044533	1.4
1479	-0.174734	23.219049	0.038643	1.3
1480	-0.735988	23.210760	0.262186	1.4
1481	-0.028365	23.202480	0.003104	1.4
1482	-0.939481	23.194207	0.124034	2.1
1483	-0.132951	23.185942	0.006619	1.4
1484	-0.199102	23.177685	0.023589	1.3
1485	-0.295066	23.169436	0.084077	1.4
1486	-0.687599	23.161194	0.172577	1.4
1487	-0.422252	23.152960	0.100666	1.3
1488	-0.705949	23.144735	0.300771	1.6
1489	-0.699945	23.136517	0.091710	1.7
1490	-0.738493	23.128306	0.291851	1.6
1491	-0.260865	23.120104	0.044641	1.4
1492	-0.423895	23.111909	0.050095	1.5
1493	-0.206791	23.103722	0.094321	1.4
1494	-0.377114	23.095543	0.085262	1.5
1495	-0.368473	23.087371	0.088550	1.4
1496	-0.134730	23.079207	0.051344	1.4
1497	-0.807169	23.071051	0.309968	1.4
1498	-0.644612	23.062903	0.146438	1.4
1499	-0.467013	23.054762	0.148958	1.3
1500	-0.464692	23.046629	0.087826	2.5
1501	-0.498263	23.038503	0.241236	3.1
1502	-0.000000	23.030385	0.000000	1.9
1503	-0.979379	23.022275	0.428901	1.6
1504	-0.148177	23.014173	0.050854	6.8
1505	-0.167889	23.006078	0.027218	4.7
1506	-0.501738	22.997990	0.067624	3.0
1507	-0.222621	22.989910	0.052961	3.6
1508	-0.449669	22.981838	0.157468	3.6
1509	-0.385759	22.973773	0.105400	3.5
1510	-0.577037	22.965716	0.065839	2.5
1511	-0.706404	22.957666	0.311147	3.1
1512	-0.193995	22.949624	0.044088	3.5
1513	-0.010771	22.941590	0.000356	6.3
1514	-0.115784	22.933562	0.023383	2.3
1515	-0.523382	22.925543	0.058918	2.1
1516	-0.581226	22.917531	0.094171	1.5
1517	-0.566414	22.909526	0.168986	2.8
1518	-1.110289	22.901529	0.180795	2.4
1519	-0.568568	22.893539	0.221945	2.0
1520	-0.575534	22.885556	0.158311	8.1
1521	-0.804744	22.877581	0.210836	2.4
1522	-0.270932	22.869614	0.101107	2.3
1523	-0.925520	22.861654	0.221074	4.2
1524	-0.000000	22.853701	0.000000	1.5
1525	-0.483756	22.845755	0.132025	1.2
1526	-0.566598	22.837817	0.217499	2.1
1527	-0.489612	22.829887	0.234404	1.7
1528	-0.000532	22.821963	0.000516	1.9
1529	-0.534672	22.814047	0.108607	1.7
1530	-0.438727	22.806138	0.119210	3.5
1531	-0.912393	22.798237	0.284078	2.6
1532	-0.234825	22.790343	0.041348	2.0
1533	-0.796719	22.782456	0.176442	2.3
1534	-0.571081	22.774576	0.147646	2.0
1535	-0.566676	22.766704	0.101322	1.8
1536	-0.534837	22.758839	0.080740	1.5
1537	-0.865626	22.750981	0.163580	1.4
1538	-0.686623	22.743131	0.187737	1.4
1539	-0.598203	22.735287	0.241200	1.4
1540	-0.677626	22.727451	0.136250	1.7
1541	-0.545583	22.719622	0.096535	1.8
1542	-0.594851	22.711800	0.238201	1.9
1543	-0.880303	22.703986	0.280370	2.1
1544	-0.446503	22.696178	0.144860	2.1
1545	-0.436077	22.688378	0.093097	1.9
1546	-0.351322	22.680585	0.123772	1.5
1547	-0.297690	22.672799	0.080704	1.6
1548	-0.494641	22.665020	0.259914	2.2
1549	-0.986295	22.657248	0.440048	2.1
1550	-0.482965	22.649484	0.061461	1.6
1551	-0.611303	22.641726	0.155659	1.7
1552	-0.622759	22.633976	0.091377	1.9
1553	-1.010461	22.626232	0.296003	1.9
1554	-0.510404	22.618496	0.109007	1.6
1555	-0.735559	22.610767	0.222488	1.6
1556	-0.151955	22.603044	0.029904	1.3
1557	-0.193632	22.595329	0.039988	1.4
1558	-0.277671	22.587621	0.043578	1.7
1559	-0.805696	22.579920	0.173403	1.4
1560	-0.683021	22.572226	0.171741	1.8
1561	-0.811415	22.564538	0.291232	1.6
1562	-0.212646	22.556858	0.049250	1.4
1563	-0.282108	22.549185	0.048849	1.3
1564	-0.405083	22.541519	0.052404	1.4
1565	-0.356122	22.533859	0.058766	1.4
1566	-0.296453	22.526207	0.110212	2.6
1567	-0.196309	22.518561	0.066609	1.9
1568	-0.350262	22.510923	0.061223	1.4
1569	-0.649986	22.503291	0.140348	1.9
1570	-0.447442	22.495666	0.144793	1.6
1571	-0.400802	22.488048	0.138385	1.6
1572	-0.312894	22.480437	0.157550	1.4
1573	-0.480869	22.472833	0.173623	2.9
1574	-0.609210	22.465236	0.270945	1.8
1575	-0.363581	22.457645	0.057434	1.4
1576	-0.306839	22.450062	0.066867	1.4
1577	-1.072451	22.442485	0.367754	1.4
1578	-0.899303	22.434915	0.315539	1.7
1579	-0.277797	22.427352	0.084623	1.4
1580	-0.245326	22.419795	0.047018	1.9
1581	-0.505108	22.412246	0.102319	4.5
1582	-0.820270	22.404703	0.220122	7.3
1583	-0.396400	22.397167	0.101902	13.0
1584	-0.135147	22.389638	0.099322	2.1
1585	-0.180714	22.382115	0.044559	2.0
1586	-0.364015	22.374599	0.061711	2.1
1587	-0.743041	22.367090	0.189567	2.1
1588	-0.988688	22.359588	0.314624	2.7
1589	-0.784845	22.352092	0.088075	4.0
1590	-0.172858	22.344603	0.063546	6.4
1591	-0.691295	22.337121	0.159201	2.3
1592	-0.247063	22.329645	0.125520	1.5
1593	-0.193468	22.322176	0.082140	1.4
1594	-0.352017	22.314714	0.070778	1.4
1595	-0.572058	22.307258	0.281399	1.4
1596	-0.724430	22.299809	0.098115	1.4
1597	-0.563928	22.292367	0.210145	1.3
1598	-1.296167	22.284931	0.144422	1.4
1599	-0.808728	22.277502	0.232305	1.3
1600	-0.937263	22.270080	0.297048	1.3
1601	-0.646750	22.262664	0.326387	1.4
1602	-0.364454	22.255254	0.074248	1.4
1603	-0.125306	22.247851	0.046087	1.4
1604	-0.912957	22.240455	0.292562	2.9
1605	-0.338467	22.233066	0.051859	1.9
1606	-0.275449	22.225682	0.059179	1.9
1607	-0.499577	22.218306	0.101378	1.9
1608	-0.440116	22.210936	0.099038	1.6
1609	-0.777754	22.203572	0.373733	1.4
1610	-0.271335	22.196215	0.043120	2.2
1611	-0.254137	22.188865	0.059949	1.6
1612	-0.138258	22.181521	0.031016	1.4
1613	-0.626049	22.174183	0.127795	1.4
1614	-0.383179	22.166852	0.097754	1.4
1615	-0.686493	22.159527	0.189371	1.5
1616	-0.567951	22.152209	0.210572	1.4
1617	-0.767268	22.144897	0.280395	1.5
1618	-0.526942	22.137592	0.102623	1.4
1619	-0.442858	22.130293	0.114761	1.4
1620	-0.000001	22.123000	0.000001	1.4
1621	-0.128617	22.115714	0.053869	1.4
1622	-0.679424	22.108435	0.199064	1.4
1623	-0.560726	22.101161	0.088072	3.3
1624	-0.417881	22.093894	0.203614	1.6
1625	-1.232640	22.086634	0.387602	1.5
1626	-0.003451	22.079380	0.006224	1.3
1627	-0.186273	22.072132	0.026723	1.4
1628	-0.251105	22.064890	0.033420	1.4
1629	-0.166920	22.057655	0.047896	1.4
1630	-0.580827	22.050426	0.201162	1.4
1631	-0.435629	22.043204	0.115138	1.4
1632	-0.885896	22.035987	0.374151	2.0
1633	-0.213925	22.028778	0.058507	1.4
1634	-0.395619	22.021574	0.065525	1.4
1635	-0.622482	22.014376	0.172581	1.4
1636	-0.077843	22.007185	0.020263	1.5
1637	-0.596326	22.000001	0.156510	1.5
1638	-0.622803	21.992822	0.073027	2.1
1639	-0.727372	21.985650	0.225218	2.9
1640	-0.732535	21.978483	0.278512	3.8
1641	-0.337418	21.971324	0.063264	2.3
1642	-0.457667	21.964170	0.109027	2.4
1643	-0.521474	21.957022	0.093019	3.2
1644	-0.441723	21.949881	0.089431	3.5
1645	-0.699064	21.942746	0.171525	1.7
1646	-0.248070	21.935617	0.141748	1.7
1647	-0.826121	21.928494	0.282820	1.9
1648	-0.580513	21.921378	0.077337	1.6
1649	-0.660243	21.914267	0.296128	1.5
1650	-0.455557	21.907163	0.153404	2.0
1651	-0.201848	21.900065	0.056450	1.6
1652	-0.552993	21.892973	0.216053	1.5
1653	-0.695278	21.885887	0.181849	1.6
1654	-0.485314	21.878808	0.067753	2.0
1655	-0.495426	21.871734	0.155497	1.9
1656	-0.613924	21.864666	0.141253	1.5
1657	-0.584998	21.857605	0.136093	1.5
1658	-0.565714	21.850549	0.191271	1.6
1659	-0.362052	21.843500	0.211295	1.5
1660	-0.656558	21.836457	0.192181	1.5
1661	-0.786043	21.829420	0.238399	1.5
1662	-0.597943	21.822388	0.084548	1.5
1663	-0.708729	21.815363	0.115564	1.5
1664	-0.382729	21.808344	0.041448	1.5
1665	-0.656885	21.801331	0.104483	1.5
1666	-0.502712	21.794324	0.108884	1.6
1667	-0.829113	21.787323	0.202166	2.0
1668	-0.665492	21.780328	0.160619	1.6
1669	-0.986586	21.773339	0.546368	1.5
1670	-0.404948	21.766356	0.052111	1.5
1671	-0.801879	21.759379	0.249386	1.5
1672	-0.427502	21.752407	0.100916	1.5
1673	-0.052672	21.745442	0.012930	1.7
1674	-0.742113	21.738483	0.115157	2.2
1675	-0.230093	21.731530	0.066982	1.5
1676	-0.215031	21.724582	0.008606	2.1
1677	-0.545799	21.717641	0.195594	1.4
1678	-0.253530	21.710705	0.067584	1.4
1679	-0.632351	21.703775	0.312206	1.9
1680	-0.270375	21.696852	0.055387	1.9
1681	-0.100419	21.689934	0.022144	1.4
1682	-0.348275	21.683022	0.073332	1.7
1683	-0.398507	21.676116	0.061986	1.4
1684	-0.119308	21.669215	0.047291	1.4
1685	-0.595704	21.662321	0.118244	1.4
1686	-0.156270	21.655432	0.028500	1.4
1687	-0.645257	21.648549	0.121360	1.4
1688	-0.570011	21.641673	0.159940	1.4
1689	-0.396262	21.634801	0.058328	1.4
1690	-0.241921	21.627936	0.052339	1.8
1691	-0.317169	21.621077	0.086820	1.8
1692	-0.464038	21.614223	0.117928	2.0
1693	-0.491078	21.607375	0.049934	1.8
1694	-0.387324	21.600533	0.089049	1.8
1695	-0.329883	21.593697	0.124592	2.5
1696	-1.024136	21.586866	0.318417	2.6
1697	-0.259489	21.580041	0.095074	1.9
1698	-0.621966	21.573222	0.092598	2.0
1699	-0.482215	21.566409	0.184373	2.3
1700	-0.772685	21.559601	0.166730	2.0
1701	-0.319286	21.552799	0.241333	2.2
1702	-0.508622	21.546003	0.083859	2.2
1703	-0.390819	21.539213	0.111332	2.4
1704	-0.734503	21.532428	0.112265	3.5
1705	-0.841960	21.525649	0.258173	6.3
1706	-0.299582	21.518876	0.131975	2.6
1707	-0.000057	21.512108	0.000067	7.0
1708	-0.625610	21.505346	0.187657	2.0
1709	-0.548931	21.498590	0.164933	1.9
1710	-0.665454	21.491839	0.206157	1.9
1711	-0.437859	21.485094	0.179783	10.7
1712	-0.904282	21.478355	0.256693	4.4
1713	-0.408990	21.471621	0.119034	1.3
1714	-0.623864	21.464893	0.064066	1.3
1715	-0.456922	21.458171	0.104229	1.3
1716	-0.837516	21.451454	0.258153	1.3
1717	-0.622309	21.444742	0.262169	2.2
1718	-0.646961	21.438037	0.150094	1.4
1719	-0.386094	21.431337	0.070470	1.2
1720	-0.392947	21.424642	0.147396	1.9
1721	-0.258121	21.417953	0.026503	1.1
1722	-0.623167	21.411270	0.194935	1.9
1723	-0.778551	21.404592	0.459122	1.9
1724	-0.644478	21.397920	0.089440	1.9
1725	-0.968165	21.391253	0.273769	1.7
1726	-0.287782	21.384592	0.060938	1.3
1727	-0.424683	21.377936	0.106891	2.2
1728	-0.200534	21.371286	0.011582	3.1
1729	-0.363177	21.364642	0.024994	1.3
1730	-0.283525	21.358002	0.039826	1.7
1731	-0.814060	21.351369	0.067488	1.7
1732	-0.699711	21.344741	0.084764	5.5
1733	-0.272244	21.338118	0.039876	1.8
1734	-0.174363	21.331501	0.053194	1.4
1735	-0.405893	21.324889	0.079441	1.4
1736	-0.705414	21.318283	0.115904	1.4
1737	-0.795592	21.311682	0.252851	1.4
1738	-0.622753	21.305087	0.099551	1.4
1739	-0.699871	21.298497	0.225393	1.5
1740	-0.814154	21.291913	0.395113	1.5
1741	-0.343652	21.285334	0.076671	1.3
1742	-0.652149	21.278760	0.135512	1.4
1743	-0.912647	21.272192	0.175534	1.7
1744	-0.320143	21.265629	0.085944	2.0
1745	-0.662305	21.259072	0.173670	1.8
1746	-0.476019	21.252520	0.125310	1.4
1747	-0.589515	21.245973	0.199573	3.1
1748	-0.862722	21.239432	0.242818	1.7
1749	-1.020815	21.232896	0.410822	1.4
1750	-0.597855	21.226365	0.158843	1.3
1751	-0.142507	21.219840	0.025021	1.4
1752	-0.630781	21.213320	0.136862	2.5
1753	-0.671997	21.206806	0.153736	1.4
1754	-0.350540	21.200297	0.081684	2.0
1755	-0.550697	21.193793	0.114650	1.8
1756	-0.177764	21.187294	0.039645	1.4
1757	-1.101454	21.180801	0.267688	2.0
1758	-0.382821	21.174313	0.053805	2.0
1759	-0.031649	21.167831	0.023399	2.0
1760	-0.399861	21.161353	0.116571	2.8
1761	-0.980695	21.154881	0.271371	1.5
1762	-0.192724	21.148415	0.033964	1.4
1763	-0.221808	21.141953	0.052188	1.4
1764	-0.737974	21.135497	0.250605	1.4
1765	-0.243498	21.129046	0.046874	1.4
1766	-0.546151	21.122600	0.113656	1.4
1767	-0.423322	21.116160	0.040746	1.4
1768	-0.293650	21.109725	0.136335	1.4
1769	-0.481688	21.103295	0.161358	1.4
1770	-0.616251	21.096870	0.174533	1.4
1771	-0.698200	21.090450	0.225856	1.4
1772	-0.622291	21.084036	0.225652	1.7
1773	-0.797954	21.077627	0.162032	1.4
1774	-0.425035	21.071223	0.174762	1.4
1775	-0.924844	21.064824	0.239703	1.4
1776	-0.028188	21.058430	0.002598	1.3
1777	-0.457485	21.052042	0.213676	1.4
1778	-0.442030	21.045659	0.172358	1.3
1779	-0.459160	21.039280	0.281238	1.4
1780	-0.560426	21.032907	0.076387	3.1
1781	-0.677144	21.026540	0.230475	1.8
1782	-0.722806	21.020177	0.208728	1.8
1783	-0.595655	21.013819	0.212586	1.4
1784	-0.647740	21.007467	0.100544	1.4
1785	-1.044849	21.001120	0.302322	1.4
1786	-0.394523	20.994777	0.043604	1.4
1787	-0.494396	20.988440	0.139788	1.4
1788	-0.606953	20.982108	0.247499	1.4
1789	-0.523181	20.975781	0.182307	1.4
1790	-0.794316	20.969460	0.232687	1.4
1791	-0.426289	20.963143	0.033583	1.4
1792	-0.438220	20.956831	0.117925	1.4
1793	-0.143072	20.950525	0.066410	1.4
1794	-0.567286	20.944223	0.299829	1.4
1795	-0.528408	20.937927	0.290406	1.5
1796	-0.635146	20.931635	0.065320	1.4
1797	-0.265597	20.925349	0.111172	1.4
1798	-0.421325	20.919067	0.113538	1.4
1799	-0.812341	20.912791	0.276051	1.4
1800	-0.638779	20.906520	0.150069	2.6
1801	-0.569344	20.900253	0.067615	2.0
1802	-1.301807	20.893992	0.607468	1.6
1803	-0.302263	20.887736	0.045797	2.8
1804	-0.648444	20.881484	0.188019	1.5
1805	-0.566636	20.875238	0.068851	1.4
1806	-0.207903	20.868997	0.095607	1.4
1807	-0.265443	20.862760	0.081137	1.3
1808	-0.814054	20.856529	0.156976	1.4
1809	-0.219897	20.850303	0.049479	1.5
1810	-0.181056	20.844081	0.026077	1.4
1811	-0.346821	20.837865	0.109913	1.7
1812	-0.915091	20.831653	0.313009	1.8
1813	-0.385745	20.825446	0.079138	1.6
1814	-0.571474	20.819244	0.110491	1.4
1815	-0.460604	20.813048	0.074296	1.4
1816	-0.386246	20.806856	0.097056	1.4
1817	-0.576202	20.800669	0.094678	1.3
1818	-0.610278	20.794487	0.245183	2.9
1819	-0.738436	20.788309	0.139733	1.7
1820	-0.407392	20.782137	0.034395	1.7
1821	-0.414204	20.775970	0.065508	2.6
1822	-0.755876	20.769807	0.119037	3.4
1823	-0.770406	20.763650	0.248025	2.5
1824	-0.622105	20.757497	0.098321	4.1
1825	-0.331317	20.751349	0.038025	4.1
1826	-0.504948	20.745206	0.179463	3.9
1827	-0.400808	20.739068	0.075829	6.5
1828	-0.411758	20.732934	0.029361	1.6
1829	-0.884694	20.726806	0.339111	1.5
1830	-0.564129	20.720682	0.223345	5.8
1831	-0.283255	20.714563	0.013000	1.6
1832	-0.593987	20.708449	0.150670	1.5
1833	-0.041135	20.702340	0.013610	2.9
1834	-0.455423	20.696235	0.121720	1.2
1835	-0.406788	20.690135	0.131462	1.4
1836	-1.037326	20.684040	0.387420	1.6
1837	-0.667222	20.677950	0.270719	1.5
1838	-0.291677	20.671865	0.066924	1.6
1839	-0.285674	20.665784	0.041615	1.6
1840	-0.574966	20.659709	0.125331	5.2
1841	-0.087208	20.653638	0.021636	1.5
1842	-0.372306	20.647571	0.079252	1.6
1843	-0.778372	20.641510	0.297913	2.1
1844	-0.653625	20.635453	0.192102	1.9
1845	-0.249549	20.629401	0.048145	1.7
1846	-0.864984	20.623354	0.129039	1.3
1847	-0.454549	20.617311	0.126755	8.5
1848	-0.744559	20.611273	0.270471	3.9
1849	-0.750079	20.605240	0.315149	1.7
1850	-0.410692	20.599212	0.078519	2.9
1851	-0.284194	20.593188	0.038167	1.4
1852	-0.469120	20.587169	0.188282	3.9
1853	-0.582677	20.581154	0.099209	1.5
1854	-0.413498	20.575145	0.203958	1.3
1855	-0.434792	20.569140	0.123005	1.9
1856	-0.645596	20.563139	0.205277	1.4
1857	-0.695617	20.557144	0.300050	1.4
1858	-0.591752	20.551153	0.157077	1.2
1859	-0.653525	20.545166	0.183557	1.2
1860	-0.476448	20.539185	0.266039	1.1
1861	-0.214917	20.533208	0.029846	1.6
1862	-1.076580	20.527235	0.251340	1.8
1863	-0.461860	20.521267	0.122580	1.5
1864	-0.519934	20.515304	0.174044	1.6
1865	-0.694435	20.509346	0.092611	1.5
1866	-0.703123	20.503392	0.282095	1.7
1867	-0.000000	20.497442	0.000000	1.4
1868	-1.148076	20.491498	0.286801	1.9
1869	-0.584999	20.485558	0.147214	1.8
1870	-0.600760	20.479622	0.058309	1.3
1871	-0.498197	20.473691	0.181229	2.6
1872	-0.398480	20.467765	0.062965	2.1
1873	-0.096332	20.461843	0.040707	1.6
1874	-0.166273	20.455926	0.036462	1.8
1875	-0.494933	20.450013	0.114132	1.9
1876	-0.929148	20.444105	0.183774	1.5
1877	-0.182559	20.438201	0.047642	1.4
1878	-0.773243	20.432302	0.378770	1.7
1879	-0.622869	20.426408	0.099544	1.5
1880	-0.577335	20.420518	0.080881	2.1
1881	-0.459525	20.414632	0.174466	2.0
1882	-0.863733	20.408751	0.386579	1.9
1883	-0.456837	20.402875	0.057853	1.4
1884	-0.414194	20.397003	0.047513	1.5
1885	-0.327375	20.391136	0.089227	1.4
1886	-0.243226	20.385273	0.055853	1.4
1887	-0.209199	20.379414	0.035931	1.4
1888	-0.348194	20.373560	0.078594	1.6
1889	-0.601052	20.367711	0.090229	2.9
1890	-0.797685	20.361866	0.370405	1.4
1891	-0.504596	20.356026	0.128965	1.9
1892	-0.287323	20.350190	0.067717	1.9
1893	-0.348633	20.344358	0.076989	1.8
1894	-0.385071	20.338531	0.062213	1.8
1895	-0.481878	20.332708	0.172811	1.9
1896	-0.362809	20.326890	0.047284	1.9
1897	-0.000013	20.321076	0.000025	1.9
1898	-0.615043	20.315267	0.038584	2.3
1899	-0.279027	20.309462	0.098359	1.9
1900	-0.861469	20.303661	0.306831	1.5
1901	-0.399983	20.297865	0.164718	1.4
1902	-0.533554	20.292074	0.199255	2.7
1903	-0.603706	20.286286	0.165564	1.9
1904	-0.582001	20.280504	0.406928	2.4
1905	-0.579335	20.274725	0.113558	1.4
1906	-0.321381	20.268951	0.086737	1.6
1907	-0.207949	20.263181	0.071670	2.2
1908	-0.287511	20.257416	0.069784	1.9
1909	-0.370799	20.251655	0.050573	1.9
1910	-0.370897	20.245899	0.129497	6.0
1911	-0.570099	20.240146	0.128808	2.1
1912	-0.514810	20.234398	0.229928	3.6
1913	-0.628637	20.228655	0.180747	3.3
1914	-0.904346	20.222916	0.091888	3.0
1915	-0.850275	20.217181	0.512204	4.1
1916	-0.029611	20.211450	0.008408	3.7
1917	-0.355386	20.205724	0.145117	5.7
1918	-0.498301	20.200002	0.158606	3.6
1919	-0.339061	20.194285	0.040342	5.8
1920	-0.772001	20.188572	0.107206	1.4
1921	-1.171397	20.182863	0.236313	1.4
1922	-0.573692	20.177158	0.147363	1.4
1923	-0.468678	20.171458	0.138103	1.4
1924	-0.347055	20.165762	0.081218	1.4
1925	-0.582225	20.160070	0.289627	2.3
1926	-0.252604	20.154383	0.036877	1.9
1927	-0.190411	20.148700	0.065891	1.6
1928	-0.441365	20.143021	0.087260	1.5
1929	-0.221299	20.137346	0.050817	1.5
1930	-0.455016	20.131676	0.127258	1.5
1931	-0.918381	20.126010	0.330506	2.6
1932	-0.275399	20.120348	0.077755	1.6
1933	-0.469143	20.114690	0.185269	1.5
1934	-0.454277	20.109037	0.160286	1.5
1935	-0.685688	20.103388	0.170031	1.5
1936	-1.080724	20.097743	0.321415	1.4
1937	-0.446750	20.092102	0.091229	1.4
1938	-0.809031	20.086466	0.132444	1.5
1939	-0.165554	20.080833	0.024137	1.4
1940	-0.846039	20.075205	0.305967	1.4
1941	-0.722178	20.069581	0.204845	1.5
1942	-0.213806	20.063962	0.031554	1.5
1943	-0.391865	20.058346	0.071944	1.5
1944	-0.822231	20.052735	0.276117	1.6
1945	-0.480871	20.047128	0.048495	2.1
1946	-0.000054	20.041525	0.000221	1.6
1947	-0.832022	20.035926	0.114672	1.6
1948	-0.329523	20.030332	0.107981	1.7
1949	-0.661231	20.024742	0.118232	1.4
1950	-0.665880	20.019155	0.251407	1.5
1951	-0.047780	20.013573	0.002583	1.8
1952	-0.770318	20.007995	0.119040	1.7
1953	-0.852663	20.002422	0.283685	1.5
1954	-0.006599	19.996852	0.000947	1.5
1955	-0.650637	19.991286	0.073582	1.5
1956	-0.384817	19.985725	0.090925	1.4
1957	-0.318096	19.980168	0.116154	1.5
1958	-0.701247	19.974615	0.160477	1.5
1959	-0.298224	19.969066	0.037967	1.4
1960	-0.470669	19.963521	0.060336	1.4
1961	-0.868537	19.957980	0.206526	1.5
1962	-0.494402	19.952443	0.269968	1.6
1963	-0.657586	19.946911	0.072215	1.5
1964	-0.543644	19.941382	0.076248	2.2
1965	-0.749225	19.935858	0.237177	2.1
1966	-0.413304	19.930337	0.093328	1.4
1967	-0.692913	19.924821	0.194622	1.8
1968	-0.629682	19.919309	0.139726	2.2
1969	-0.714224	19.913801	0.245888	3.4
1970	-0.537322	19.908297	0.116007	2.7
1971	-0.503341	19.902797	0.110497	2.0
1972	-0.602335	19.897301	0.187754	2.1
1973	-0.084625	19.891809	0.007608	2.0
1974	-0.832577	19.886321	0.421220	1.7
1975	-0.995458	19.880837	0.220814	1.5
1976	-0.800819	19.875357	0.152460	1.4
1977	-0.608489	19.869881	0.078502	1.4
1978	-0.392245	19.864409	0.058047	1.5
1979	-0.108879	19.858942	0.020682	2.9
1980	-0.379398	19.853478	0.062389	2.1
1981	-0.454250	19.848018	0.076796	1.4
1982	-0.439717	19.842562	0.108357	1.7
1983	-0.531014	19.837111	0.213012	1.9
1984	-0.624300	19.831663	0.082945	1.6
1985	-0.476832	19.826219	0.117554	1.6
1986	-0.860814	19.820779	0.302324	1.5
1987	-0.617425	19.815343	0.135000	1.4
1988	-0.805611	19.809912	0.164629	2.1
1989	-0.908165	19.804484	0.190110	1.5
1990	-0.777149	19.799060	0.315483	1.4
1991	-0.379190	19.793640	0.053370	1.2
1992	-0.010767	19.788224	0.013407	1.6
1993	-1.325736	19.782812	0.608411	1.4
1994	-0.104755	19.777404	0.029098	1.7
1995	-0.273868	19.772000	0.069998	1.4
1996	-0.470550	19.766599	0.137021	1.8
1997	-0.292939	19.761203	0.063189	1.4
1998	-0.892329	19.755811	0.132658	2.0
1999	-0.146432	19.750422	0.014491	2.0
