1:ItNr	2:Metric	3:StepSize	4:||Gradient||	Time[ms]
0	-0.147690	83.006550	0.054529	291.5
1	-0.579084	82.759751	0.247594	1.5
2	-0.000000	82.514899	0.000000	0.9
3	-0.326097	82.271970	0.028131	1.2
4	-0.137319	82.030938	0.027558	2.1
5	-0.304231	81.791781	0.031168	2.0
6	-0.257422	81.554474	0.034675	2.1
7	-0.000020	81.318994	0.000027	2.1
8	-0.450018	81.085318	0.096799	3.1
9	-0.211485	80.853424	0.020290	2.9
10	-0.580469	80.623291	0.079135	1.6
11	-0.017846	80.394896	0.001083	1.1
12	-0.046519	80.168219	0.004535	1.4
13	-0.343314	79.943237	0.036623	1.7
14	-0.393736	79.719932	0.034967	2.1
15	-0.041337	79.498282	0.005876	2.2
16	-0.083281	79.278268	0.023425	1.4
17	-0.044338	79.059871	0.019584	1.9
18	-0.083996	78.843070	0.014928	2.1
19	-0.318653	78.627848	0.019064	1.4
20	-0.013598	78.414185	0.001235	1.6
21	-0.482312	78.202063	0.140489	2.0
22	-0.048969	77.991465	0.008622	1.7
23	-0.122901	77.782372	0.034348	3.0
24	-0.294889	77.574768	0.031969	1.9
25	-0.337945	77.368635	0.028911	1.8
26	-0.215627	77.163955	0.056257	1.7
27	-0.140977	76.960714	0.020711	1.5
28	-0.264407	76.758894	0.050975	1.6
29	-0.489143	76.558479	0.061388	1.6
30	-0.370649	76.359453	0.043567	2.6
31	-0.628645	76.161801	0.113017	2.0
32	-0.352076	75.965507	0.074064	1.6
33	-0.411151	75.770557	0.046709	1.4
34	-0.510550	75.576936	0.081869	1.4
35	-0.231578	75.384628	0.085765	1.4
36	-0.382405	75.193619	0.039575	1.4
37	-0.471297	75.003896	0.125891	1.4
38	-0.123216	74.815444	0.043395	1.4
39	-0.065046	74.628249	0.009828	1.8
40	-0.728845	74.442298	0.217308	2.1
41	-0.448027	74.257577	0.094519	2.0
42	-0.543033	74.074074	0.090766	1.5
43	-0.219003	73.891775	0.019817	1.4
44	-0.040357	73.710668	0.010912	1.4
45	-0.279656	73.530739	0.059137	1.8
46	-0.316404	73.351977	0.011297	1.7
47	-0.480213	73.174369	0.043486	1.5
48	-0.042882	72.997904	0.011593	2.6
49	-0.448683	72.822568	0.107494	2.0
50	-0.119152	72.648351	0.012418	1.3
51	-0.300268	72.475242	0.022634	1.5
52	-0.133218	72.303227	0.035547	1.4
53	-0.244113	72.132298	0.047887	1.2
54	-0.334903	71.962441	0.084754	1.4
55	-0.311818	71.793647	0.052866	1.4
56	-0.119501	71.625905	0.022513	1.4
57	-0.367337	71.459204	0.062540	2.2
58	-0.344916	71.293533	0.114854	2.7
59	-0.076264	71.128883	0.025710	4.4
60	-0.341259	70.965243	0.075932	2.2
61	-0.223137	70.802602	0.018483	2.1
62	-0.312048	70.640953	0.055068	2.8
63	-0.277402	70.480283	0.043833	2.6
64	-0.162776	70.320584	0.022987	1.9
65	-0.277772	70.161847	0.066400	2.2
66	-0.220611	70.004062	0.018686	1.5
67	-0.352269	69.847219	0.046639	1.4
68	-0.197961	69.691310	0.021920	6.1
69	-0.290421	69.536325	0.082069	2.3
70	-0.310595	69.382257	0.070551	4.1
71	-0.719711	69.229095	0.124594	2.1
72	-0.420955	69.076831	0.062603	2.1
73	-0.363614	68.925458	0.039296	2.1
74	-0.283136	68.774965	0.046252	4.0
75	-0.589822	68.625346	0.173654	2.2
76	-0.286675	68.476591	0.045183	2.6
77	-0.326354	68.328694	0.029140	2.3
78	-0.219371	68.181645	0.056928	2.3
79	-0.244638	68.035437	0.008590	2.2
80	-0.315015	67.890062	0.068302	2.2
81	-0.125934	67.745512	0.072109	2.1
82	-0.514912	67.601780	0.061383	3.8
83	-0.224711	67.458859	0.023540	3.4
84	-0.456269	67.316741	0.036727	1.2
85	-0.106608	67.175418	0.026209	5.1
86	-0.296922	67.034883	0.074356	1.4
87	-0.303369	66.895130	0.031781	1.4
88	-0.107790	66.756151	0.008147	1.4
89	-0.431435	66.617940	0.083492	1.5
90	-0.110032	66.480489	0.027679	1.8
91	-0.152530	66.343791	0.053772	1.4
92	-0.137977	66.207841	0.035529	1.4
93	-0.059009	66.072631	0.014194	1.4
94	-0.550375	65.938154	0.092159	1.4
95	-0.287797	65.804405	0.084607	1.4
96	-0.225804	65.671378	0.034354	1.4
97	-0.399693	65.539064	0.144252	1.4
98	-0.341695	65.407460	0.051837	1.5
99	-0.360562	65.276557	0.025159	1.4
100	-0.435895	65.146352	0.048517	1.3
101	-0.806129	65.016836	0.341898	1.4
102	-0.088161	64.888005	0.013045	1.4
103	-0.038151	64.759852	0.012144	1.4
104	-0.139025	64.632372	0.056056	2.8
105	-0.222828	64.505558	0.068686	1.5
106	-0.342370	64.379407	0.067011	1.4
107	-0.081867	64.253911	0.008123	1.4
108	-0.138069	64.129065	0.055935	1.4
109	-0.082745	64.004864	0.012427	1.4
110	-0.297652	63.881302	0.068239	1.4
111	-0.130747	63.758375	0.035224	2.6
112	-0.229727	63.636076	0.015923	1.4
113	-0.025518	63.514401	0.008877	1.4
114	-0.322460	63.393344	0.065923	1.4
115	-0.108584	63.272901	0.025436	1.4
116	-0.124815	63.153066	0.011804	1.4
117	-0.295711	63.033834	0.031396	1.4
118	-0.077457	62.915201	0.035593	1.4
119	-0.510904	62.797161	0.141599	1.4
120	-0.235385	62.679710	0.026909	1.4
121	-0.061649	62.562843	0.042844	1.4
122	-0.320058	62.446555	0.031699	1.4
123	-0.084320	62.330841	0.023212	1.7
124	-0.136758	62.215698	0.038288	2.5
125	-0.085043	62.101120	0.011503	2.9
126	-0.035481	61.987104	0.016139	6.8
127	-0.111078	61.873643	0.002266	3.2
128	-0.190545	61.760735	0.018854	2.5
129	-0.298786	61.648375	0.082877	2.1
130	-0.049367	61.536558	0.021738	1.3
131	-0.399696	61.425280	0.109390	1.4
132	-0.000000	61.314537	0.000000	1.4
133	-0.050610	61.204325	0.020621	1.5
134	-0.033275	61.094640	0.015062	2.1
135	-0.095764	60.985478	0.019669	1.7
136	-0.107599	60.876834	0.018537	3.8
137	-0.191731	60.768704	0.035755	1.5
138	-0.142665	60.661085	0.031481	1.5
139	-0.422178	60.553973	0.084839	1.8
140	-0.131296	60.447364	0.066529	1.6
141	-0.457479	60.341254	0.082399	1.4
142	-0.002269	60.235639	0.005795	1.4
143	-0.001355	60.130516	0.003631	1.5
144	-0.171414	60.025880	0.006320	1.5
145	-0.230216	59.921729	0.012302	1.6
146	-0.455500	59.818058	0.025073	1.7
147	-0.512471	59.714864	0.048632	1.5
148	-0.465234	59.612144	0.116163	1.6
149	-0.279849	59.509893	0.063275	2.8
150	-0.289552	59.408109	0.021849	1.4
151	-0.119117	59.306787	0.028464	1.5
152	-0.648420	59.205925	0.120939	1.4
153	-0.175651	59.105519	0.030578	1.5
154	-0.488734	59.005566	0.084253	2.2
155	-0.288287	58.906063	0.027667	1.7
156	-0.202102	58.807006	0.025613	1.5
157	-0.255861	58.708391	0.041448	1.7
158	-0.000000	58.610217	0.000000	1.3
159	-0.289445	58.512479	0.096998	1.5
160	-0.580381	58.415174	0.078685	2.1
161	-0.354951	58.318300	0.103875	2.0
162	-0.384379	58.221853	0.119945	1.9
163	-0.350820	58.125830	0.091548	1.7
164	-0.718559	58.030228	0.124534	2.3
165	-0.432884	57.935044	0.143422	1.9
166	-0.352497	57.840276	0.010947	2.0
167	-0.316046	57.745920	0.061999	2.1
168	-0.112877	57.651973	0.026010	1.8
169	-0.686983	57.558433	0.088513	1.5
170	-0.125267	57.465296	0.077748	2.8
171	-0.217136	57.372560	0.050340	3.0
172	-0.433948	57.280223	0.115631	2.5
173	-0.545928	57.188280	0.064955	1.8
174	-0.430288	57.096730	0.130235	3.6
175	-0.736965	57.005569	0.137549	1.4
176	-0.364283	56.914796	0.033401	1.4
177	-0.382099	56.824407	0.077053	1.4
178	-0.096942	56.734400	0.012676	1.4
179	-0.368839	56.644773	0.074216	1.4
180	-0.450130	56.555521	0.037196	1.6
181	-0.290763	56.466644	0.015344	1.8
182	-0.247432	56.378138	0.053246	1.5
183	-0.596140	56.290002	0.264047	1.6
184	-0.246251	56.202231	0.059247	1.4
185	-0.264334	56.114825	0.044026	1.4
186	-0.206213	56.027780	0.029444	2.6
187	-0.031382	55.941095	0.008441	1.5
188	-0.035246	55.854766	0.006015	1.4
189	-0.226785	55.768791	0.053780	6.1
190	-0.166111	55.683169	0.005296	4.2
191	-0.229724	55.597896	0.016091	3.0
192	-0.337357	55.512970	0.143578	2.2
193	-0.410175	55.428390	0.019761	2.5
194	-0.333359	55.344152	0.047417	3.4
195	-0.281162	55.260255	0.008851	3.0
196	-0.011860	55.176696	0.001010	2.6
197	-0.187503	55.093473	0.029596	2.1
198	-0.003572	55.010584	0.000673	2.2
199	-0.281922	54.928027	0.093389	3.4
200	-0.198011	54.845800	0.031742	3.3
201	-0.378192	54.763899	0.098093	2.1
202	-0.195564	54.682325	0.081552	2.0
203	-0.241414	54.601073	0.060423	2.0
204	-0.274026	54.520142	0.029381	1.9
205	-0.306864	54.439531	0.116451	1.4
206	-0.077788	54.359237	0.012243	3.5
207	-0.198887	54.279257	0.045308	1.7
208	-0.130817	54.199591	0.039498	2.2
209	-0.066902	54.120236	0.014386	2.0
210	-0.136798	54.041190	0.026271	1.8
211	-0.401189	53.962451	0.034649	1.5
212	-0.542869	53.884017	0.031051	2.2
213	-0.268502	53.805886	0.084083	1.9
214	-0.245366	53.728057	0.070232	1.6
215	-0.430357	53.650528	0.017335	1.4
216	-0.194546	53.573296	0.011026	1.4
217	-0.266711	53.496359	0.074531	1.4
218	-0.307874	53.419717	0.070150	1.6
219	-0.529338	53.343367	0.156844	1.4
220	-0.380667	53.267307	0.033580	1.4
221	-0.500777	53.191535	0.155374	1.4
222	-0.347971	53.116051	0.081005	1.4
223	-0.659590	53.040851	0.153444	1.4
224	-0.207208	52.965934	0.028977	2.7
225	-0.227339	52.891299	0.036229	1.8
226	-0.327683	52.816944	0.058545	1.6
227	-0.518133	52.742867	0.117473	1.4
228	-0.187744	52.669066	0.067897	1.4
229	-0.093473	52.595540	0.015911	1.5
230	-0.934911	52.522288	0.226879	1.4
231	-0.227884	52.449306	0.098438	1.4
232	-0.117459	52.376595	0.047350	1.4
233	-0.401240	52.304151	0.142918	1.9
234	-0.198887	52.231974	0.047883	1.4
235	-0.533234	52.160062	0.034836	1.6
236	-0.241993	52.088414	0.035936	1.4
237	-0.244244	52.017027	0.048711	1.7
238	-0.299082	51.945901	0.075274	1.4
239	-0.273384	51.875033	0.076457	1.4
240	-0.608594	51.804423	0.223828	1.4
241	-0.424924	51.734069	0.098517	2.2
242	-0.067994	51.663968	0.018583	1.5
243	-0.292685	51.594120	0.047891	2.6
244	-0.452323	51.524524	0.054375	1.4
245	-0.284161	51.455177	0.074547	1.4
246	-0.078076	51.386079	0.007153	1.4
247	-0.610648	51.317228	0.066891	1.4
248	-0.166434	51.248622	0.037664	1.4
249	-0.276341	51.180260	0.011741	1.4
250	-0.348321	51.112141	0.038576	1.4
251	-0.266417	51.044263	0.041027	1.4
252	-0.907440	50.976624	0.333569	1.4
253	-0.272700	50.909225	0.035124	1.4
254	-0.178802	50.842062	0.015934	2.2
255	-0.067060	50.775135	0.026786	1.4
256	-0.171927	50.708443	0.047221	1.4
257	-0.386818	50.641984	0.024965	1.4
258	-0.059062	50.575756	0.012270	1.4
259	-0.001377	50.509759	0.001338	1.4
260	-0.334284	50.443991	0.050457	1.4
261	-0.219933	50.378451	0.033340	1.4
262	-0.209557	50.313138	0.020380	2.6
263	-0.337694	50.248049	0.024227	1.9
264	-0.236955	50.183185	0.029924	1.6
265	-0.394951	50.118544	0.043306	1.9
266	-0.145246	50.054124	0.023940	1.9
267	-0.000000	49.989925	0.000000	1.4
268	-0.239062	49.925945	0.075549	1.4
269	-0.147209	49.862182	0.014348	1.4
270	-0.358597	49.798636	0.119617	1.4
271	-0.272347	49.735306	0.113844	1.3
272	-0.361564	49.672190	0.023658	1.4
273	-0.303446	49.609288	0.016190	1.4
274	-0.332485	49.546597	0.028570	1.5
275	-0.193816	49.484117	0.082435	1.9
276	-0.154098	49.421847	0.042263	1.4
277	-0.366573	49.359785	0.099410	1.4
278	-0.326587	49.297930	0.006735	1.4
279	-0.312870	49.236282	0.030716	1.5
280	-0.146056	49.174839	0.055863	1.3
281	-0.171881	49.113600	0.039544	1.5
282	-0.282004	49.052564	0.085936	2.1
283	-0.459903	48.991730	0.075801	1.7
284	-0.640413	48.931097	0.146885	1.7
285	-0.266777	48.870663	0.032750	1.7
286	-0.111976	48.810428	0.045165	1.4
287	-0.333033	48.750391	0.032880	1.9
288	-0.574782	48.690550	0.214367	1.4
289	-0.179150	48.630905	0.022728	1.3
290	-0.306020	48.571454	0.056228	1.4
291	-0.139341	48.512196	0.056611	1.5
292	-0.423910	48.453131	0.052488	1.4
293	-0.133262	48.394257	0.045859	1.6
294	-0.277042	48.335574	0.088251	1.7
295	-0.306628	48.277079	0.055471	1.4
296	-0.258818	48.218774	0.094707	1.4
297	-0.371146	48.160656	0.115154	1.4
298	-0.720223	48.102724	0.194300	1.4
299	-0.630959	48.044977	0.126753	1.5
300	-0.119925	47.987415	0.030838	1.4
301	-0.008181	47.930037	0.000333	3.3
302	-0.446016	47.872841	0.099541	4.0
303	-0.356916	47.815827	0.186158	2.2
304	-0.088312	47.758994	0.018177	1.9
305	-0.285249	47.702340	0.042245	2.6
306	-0.381257	47.645865	0.063906	6.4
307	-0.276406	47.589569	0.106975	3.1
308	-0.192307	47.533449	0.047144	5.2
309	-0.231977	47.477505	0.038686	1.9
310	-0.377280	47.421737	0.050784	4.1
311	-0.140859	47.366143	0.053633	1.7
312	-0.337455	47.310722	0.020373	3.0
313	-0.435400	47.255474	0.161777	2.6
314	-0.357423	47.200398	0.088951	5.2
315	-0.465483	47.145492	0.052155	1.9
316	-0.266744	47.090757	0.071718	4.9
317	-0.804525	47.036190	0.409307	1.9
318	-0.122267	46.981792	0.019926	1.8
319	-0.107548	46.927562	0.017402	4.1
320	-0.054335	46.873498	0.004705	2.8
321	-0.311364	46.819599	0.005883	2.1
322	-0.172491	46.765866	0.018671	2.0
323	-0.301612	46.712297	0.060740	1.8
324	-0.275995	46.658891	0.039396	1.5
325	-0.601269	46.605648	0.110321	1.7
326	-0.335475	46.552566	0.067473	2.5
327	-0.236534	46.499646	0.072414	3.1
328	-0.045015	46.446885	0.020148	1.7
329	-0.212033	46.394284	0.078196	2.8
330	-0.734987	46.341841	0.163503	3.2
331	-0.195600	46.289556	0.036015	2.3
332	-0.234469	46.237428	0.050732	1.4
333	-0.120104	46.185457	0.023423	2.2
334	-0.098943	46.133640	0.051292	1.8
335	-0.145519	46.081979	0.013813	1.4
336	-0.177441	46.030472	0.014883	1.4
337	-0.337956	45.979117	0.073054	1.6
338	-0.089407	45.927916	0.015786	1.6
339	-0.117675	45.876866	0.021661	1.5
340	-0.378213	45.825967	0.066212	1.4
341	-0.305742	45.775218	0.023858	1.6
342	-0.128057	45.724619	0.024955	1.7
343	-0.264943	45.674169	0.062015	1.9
344	-0.000002	45.623867	0.000001	1.4
345	-0.471638	45.573713	0.088112	1.4
346	-0.295268	45.523705	0.011286	1.7
347	-0.380809	45.473843	0.103272	1.7
348	-0.357748	45.424127	0.028540	1.5
349	-0.218597	45.374555	0.027854	1.5
350	-0.189591	45.325128	0.060735	1.5
351	-0.654149	45.275843	0.074931	2.6
352	-0.276781	45.226702	0.025276	2.2
353	-0.259876	45.177702	0.018860	1.5
354	-0.269651	45.128844	0.066552	1.4
355	-0.310502	45.080126	0.013364	1.4
356	-0.271875	45.031548	0.050217	1.4
357	-0.322656	44.983110	0.047720	1.4
358	-0.149866	44.934810	0.007120	1.4
359	-0.549810	44.886648	0.174527	1.4
360	-0.329998	44.838624	0.107425	2.4
361	-0.147036	44.790737	0.056267	2.3
362	-0.269405	44.742985	0.125422	1.6
363	-0.217598	44.695370	0.065221	1.8
364	-0.418283	44.647889	0.104738	1.9
365	-0.235087	44.600542	0.045873	2.0
366	-0.451760	44.553329	0.081527	1.8
367	-0.279006	44.506249	0.039982	1.4
368	-0.529494	44.459302	0.180612	1.4
369	-0.292320	44.412486	0.025341	2.2
370	-0.649676	44.365801	0.180716	2.1
371	-0.409791	44.319248	0.051836	1.6
372	-0.278485	44.272824	0.066911	1.5
373	-0.290122	44.226529	0.048468	1.4
374	-0.559248	44.180364	0.113401	1.4
375	-0.428182	44.134327	0.085162	1.4
376	-0.523563	44.088417	0.165985	1.5
377	-0.298660	44.042635	0.058021	1.8
378	-0.028490	43.996979	0.017884	2.9
379	-0.457583	43.951449	0.063816	2.5
380	-0.498030	43.906045	0.153939	1.8
381	-0.339278	43.860765	0.055970	1.6
382	-0.139488	43.815610	0.026829	1.5
383	-0.408711	43.770579	0.073463	1.8
384	-0.395729	43.725670	0.129001	1.6
385	-0.564753	43.680885	0.195895	2.6
386	-0.044375	43.636221	0.006789	2.0
387	-0.153972	43.591679	0.025361	1.9
388	-0.000001	43.547258	0.000001	2.3
389	-0.385171	43.502958	0.102653	1.6
390	-0.395232	43.458778	0.046729	1.5
391	-0.810774	43.414717	0.137163	1.6
392	-0.470707	43.370775	0.094138	1.6
393	-0.148290	43.326951	0.064484	1.5
394	-0.135157	43.283245	0.025807	1.5
395	-0.478411	43.239657	0.126221	1.4
396	-0.448486	43.196185	0.178012	1.4
397	-0.138611	43.152830	0.051287	1.5
398	-0.000000	43.109591	0.000000	1.5
399	-0.678752	43.066467	0.165138	1.5
400	0.000000	43.023458	0.000000	1.5
401	-0.164550	42.980563	0.051551	1.5
402	-0.380019	42.937782	0.055047	1.6
403	-0.267175	42.895115	0.055496	2.4
404	-0.380943	42.852560	0.086034	1.5
405	-0.220556	42.810118	0.064545	1.5
406	-0.725107	42.767787	0.235967	1.5
407	-0.356099	42.725568	0.072828	1.5
408	-0.381419	42.683460	0.079141	1.7
409	-0.186505	42.641463	0.044694	1.5
410	-0.100683	42.599575	0.023310	1.5
411	-0.596626	42.557797	0.136025	1.4
412	-0.602429	42.516128	0.136429	1.5
413	-0.043334	42.474568	0.016187	1.5
414	-0.507251	42.433116	0.066593	1.5
415	-0.063204	42.391772	0.007903	1.5
416	-0.479862	42.350535	0.080935	1.5
417	-0.305343	42.309404	0.053703	1.3
418	-0.599832	42.268380	0.289677	1.4
419	-0.167531	42.227462	0.019057	1.4
420	-0.062259	42.186650	0.019112	1.5
421	-0.080630	42.145942	0.013147	1.4
422	-0.260552	42.105339	0.038306	2.0
423	-0.225743	42.064840	0.034664	1.5
424	-0.131688	42.024445	0.005641	1.6
425	-0.242416	41.984153	0.069521	1.6
426	-0.310929	41.943964	0.047438	1.4
427	-0.108514	41.903877	0.019370	1.5
428	-0.188181	41.863893	0.014215	1.5
429	-0.064138	41.824010	0.017138	1.9
430	-0.278856	41.784228	0.034813	4.7
431	-0.282316	41.744547	0.052757	3.7
432	-0.595378	41.704966	0.086811	3.3
433	-0.258802	41.665485	0.053268	3.5
434	-0.353081	41.626104	0.116867	2.0
435	-0.258830	41.586821	0.071029	13.4
436	-0.520712	41.547638	0.133142	1.6
437	-0.291738	41.508552	0.032880	1.4
438	-0.205632	41.469565	0.039398	2.0
439	-0.409941	41.430675	0.121757	1.2
440	-0.532337	41.391882	0.068743	1.6
441	-0.600348	41.353186	0.264611	1.5
442	-0.767666	41.314587	0.165740	1.5
443	-0.202604	41.276083	0.017794	1.5
444	-0.280305	41.237675	0.087477	1.5
445	-0.179924	41.199361	0.031657	1.5
446	-0.093606	41.161143	0.063360	1.7
447	-0.301595	41.123019	0.027791	1.6
448	-0.324352	41.084989	0.016734	2.1
449	-0.251303	41.047053	0.075680	2.7
450	-0.086533	41.009210	0.013285	2.4
451	-0.607415	40.971460	0.131313	1.6
452	-0.129575	40.933802	0.003088	2.2
453	-0.127773	40.896237	0.005087	2.0
454	-0.065443	40.858763	0.020024	3.4
455	-0.628123	40.821381	0.080252	2.2
456	-0.319563	40.784090	0.080057	2.6
457	-0.178660	40.746889	0.040179	1.9
458	-0.725238	40.709779	0.259317	2.7
459	-0.415294	40.672759	0.056940	2.6
460	-0.221594	40.635829	0.018565	1.9
461	-0.770907	40.598987	0.280254	1.7
462	-0.046681	40.562235	0.016699	1.5
463	-0.098069	40.525571	0.025465	1.4
464	-0.486776	40.488996	0.028130	2.6
465	-0.020488	40.452509	0.015237	2.6
466	-0.416234	40.416109	0.036642	3.7
467	-0.046895	40.379796	0.006329	2.1
468	-0.058154	40.343570	0.011247	2.4
469	-0.053839	40.307431	0.015072	4.7
470	-0.481634	40.271377	0.060557	6.2
471	-0.313762	40.235410	0.043094	1.9
472	-0.632661	40.199528	0.110656	1.4
473	-0.325568	40.163732	0.012715	1.7
474	-0.173386	40.128020	0.051332	1.6
475	-0.144475	40.092393	0.045658	1.4
476	-0.237543	40.056850	0.038952	2.1
477	-0.056203	40.021391	0.009618	1.3
478	-0.180103	39.986016	0.041376	1.5
479	-0.230756	39.950723	0.100960	1.5
480	-0.553276	39.915514	0.120490	3.1
481	-0.400399	39.880388	0.148535	2.1
482	-0.424180	39.845343	0.287826	1.8
483	-0.269232	39.810381	0.048396	1.4
484	-0.357943	39.775500	0.068794	2.5
485	-0.614331	39.740701	0.063764	2.1
486	-0.195843	39.705983	0.031377	1.6
487	-0.358105	39.671346	0.030176	2.2
488	-0.216005	39.636789	0.048774	1.8
489	-0.999640	39.602312	0.168617	1.4
490	-0.326732	39.567915	0.034357	1.3
491	-0.588003	39.533598	0.045069	1.4
492	-0.622143	39.499360	0.154529	1.3
493	-0.629036	39.465200	0.387317	1.4
494	-0.311070	39.431120	0.061259	1.8
495	-0.092644	39.397118	0.026064	1.4
496	-0.162130	39.363194	0.070600	1.3
497	-0.061474	39.329348	0.019791	1.4
498	-0.165986	39.295579	0.054672	1.4
499	-0.130194	39.261887	0.020438	2.7
500	-0.508608	39.228273	0.059019	2.0
501	-0.571225	39.194735	0.145733	1.8
502	-0.522019	39.161273	0.165613	2.5
503	-0.174114	39.127887	0.007241	4.9
504	-0.053217	39.094578	0.016381	3.5
505	-0.000016	39.061343	0.000013	2.1
506	-0.457581	39.028184	0.038778	1.7
507	-0.135770	38.995100	0.035681	1.8
508	-0.103219	38.962091	0.042290	1.6
509	-0.099330	38.929156	0.011068	1.4
510	-0.137466	38.896295	0.013894	1.4
511	-0.096787	38.863508	0.025292	1.8
512	-0.416536	38.830795	0.107337	2.0
513	-0.406529	38.798155	0.045877	2.0
514	-0.133917	38.765588	0.074519	7.3
515	-0.249738	38.733093	0.027307	3.4
516	-0.329545	38.700672	0.065812	4.0
517	-0.208492	38.668322	0.010776	2.3
518	-0.520726	38.636045	0.099987	6.3
519	-0.081762	38.603839	0.020875	2.2
520	-0.452411	38.571705	0.070979	2.6
521	-0.319600	38.539642	0.110289	2.3
522	-0.003094	38.507650	0.009063	1.9
523	-0.224281	38.475729	0.039835	5.6
524	-0.181373	38.443878	0.009988	2.1
525	-0.000000	38.412098	0.000000	1.9
526	-0.081092	38.380387	0.020919	1.5
527	-0.230993	38.348746	0.050849	1.0
528	-0.040795	38.317175	0.027375	1.8
529	-0.146123	38.285672	0.048563	2.1
530	-0.645331	38.254239	0.180913	2.1
531	-0.598153	38.222875	0.085646	2.4
532	-0.278371	38.191579	0.082285	2.1
533	-0.751435	38.160351	0.246549	2.1
534	-0.064644	38.129191	0.019116	3.0
535	-0.249452	38.098099	0.077917	1.7
536	-0.319524	38.067075	0.010654	4.3
537	-0.498918	38.036117	0.053159	1.4
538	-0.001209	38.005227	0.003387	1.5
539	-0.295734	37.974404	0.083678	1.4
540	-0.262610	37.943647	0.098234	1.7
541	-0.639986	37.912956	0.186070	1.5
542	-0.289880	37.882332	0.045540	1.9
543	-0.793617	37.851774	0.276242	1.5
544	-0.332176	37.821281	0.079305	2.3
545	-0.503146	37.790853	0.162945	1.9
546	-0.490743	37.760491	0.077018	1.7
547	-0.064714	37.730194	0.016467	1.8
548	-0.335006	37.699961	0.040312	1.3
549	-0.584456	37.669793	0.240538	1.4
550	-0.123988	37.639690	0.012316	2.1
551	-0.250072	37.609650	0.022339	2.1
552	-0.374911	37.579674	0.052269	2.8
553	-0.272725	37.549762	0.046166	2.0
554	-0.694646	37.519913	0.094968	1.6
555	-0.403600	37.490128	0.043182	1.2
556	-0.246647	37.460405	0.028892	1.4
557	-0.310192	37.430745	0.022528	1.3
558	-0.357306	37.401148	0.100788	1.4
559	-0.142429	37.371613	0.016760	1.4
560	-0.228090	37.342140	0.031751	1.4
561	-0.238881	37.312729	0.032981	1.4
562	-0.286686	37.283380	0.108370	1.4
563	-0.491754	37.254092	0.220250	2.1
564	-0.245223	37.224865	0.055139	2.1
565	-0.276053	37.195700	0.062602	1.5
566	-0.145221	37.166595	0.043340	1.4
567	-0.296572	37.137551	0.046060	1.4
568	-0.306211	37.108568	0.012752	1.4
569	-0.614542	37.079644	0.131801	1.4
570	-0.461703	37.050781	0.126610	1.4
571	-0.309863	37.021978	0.075058	3.9
572	-0.567033	36.993234	0.145902	1.6
573	-0.822208	36.964550	0.252533	2.1
574	-0.118473	36.935925	0.015704	1.6
575	-0.274758	36.907358	0.091082	1.5
576	-0.203269	36.878851	0.053385	1.4
577	-0.105649	36.850403	0.046121	1.4
578	-0.226017	36.822012	0.014731	1.5
579	-0.144599	36.793681	0.024349	1.4
580	-0.659552	36.765407	0.090193	1.4
581	-0.336042	36.737191	0.061448	1.4
582	-0.477861	36.709033	0.087414	1.4
583	-0.284451	36.680932	0.046446	1.4
584	-0.526644	36.652888	0.173235	1.3
585	-0.404891	36.624902	0.082205	1.4
586	-0.131967	36.596972	0.056735	1.4
587	-0.512930	36.569099	0.267758	1.4
588	-0.660544	36.541283	0.143156	1.4
589	-0.597293	36.513523	0.117876	1.3
590	-0.221067	36.485820	0.030323	1.5
591	-0.381917	36.458172	0.051927	2.1
592	-0.191963	36.430580	0.041952	1.4
593	-0.415299	36.403043	0.129535	1.4
594	-0.338603	36.375563	0.085326	1.7
595	-0.447145	36.348137	0.160448	1.6
596	-0.212041	36.320766	0.051476	1.4
597	-0.130672	36.293451	0.016567	1.5
598	-0.534235	36.266190	0.158925	1.8
599	-0.363965	36.238983	0.110455	2.0
600	-0.281322	36.211831	0.081209	1.4
601	-0.157597	36.184733	0.065212	1.3
602	-0.615167	36.157689	0.275274	1.4
603	-0.621292	36.130699	0.050491	1.4
604	-0.236745	36.103763	0.054490	1.6
605	-0.502895	36.076880	0.079715	1.3
606	-0.289739	36.050050	0.047237	1.4
607	-0.173228	36.023274	0.023472	1.4
608	-0.295748	35.996550	0.032038	1.3
609	-0.203865	35.969880	0.054285	1.3
610	-0.504705	35.943262	0.180996	2.7
611	-0.245654	35.916696	0.071124	2.3
612	-0.455671	35.890183	0.224420	1.9
613	-0.556748	35.863721	0.162970	1.5
614	-0.318808	35.837312	0.104583	1.7
615	-0.045645	35.810955	0.018295	1.6
616	-0.531842	35.784649	0.042204	1.5
617	-0.445145	35.758395	0.072789	1.9
618	-0.158349	35.732192	0.035688	1.7
619	-0.131420	35.706040	0.051315	1.9
620	-0.325999	35.679939	0.082887	1.9
621	-0.533150	35.653889	0.161289	1.8
622	-0.466041	35.627889	0.070672	1.4
623	-0.015545	35.601940	0.017642	1.4
624	-0.684229	35.576042	0.309366	1.9
625	-0.602203	35.550193	0.260887	4.8
626	-0.068294	35.524395	0.003498	2.2
627	-0.221769	35.498646	0.048377	7.7
628	-0.091575	35.472948	0.029779	2.2
629	-0.110312	35.447298	0.017631	2.0
630	-0.263190	35.421698	0.055511	1.9
631	-0.218161	35.396148	0.021779	4.6
632	-0.160229	35.370646	0.032215	2.0
633	-0.569522	35.345194	0.022225	2.0
634	-0.166836	35.319790	0.026159	1.9
635	-0.098710	35.294435	0.008363	2.0
636	-0.073496	35.269128	0.039099	4.2
637	-0.155951	35.243870	0.031292	2.0
638	-0.207556	35.218659	0.067314	1.7
639	-0.667011	35.193497	0.132160	1.5
640	-0.173706	35.168383	0.044758	1.5
641	-0.318559	35.143316	0.066804	2.8
642	-0.332284	35.118297	0.065075	1.5
643	-0.446414	35.093326	0.026961	1.1
644	-0.254338	35.068402	0.091102	1.4
645	-0.109142	35.043524	0.040980	4.3
646	-0.640293	35.018694	0.192871	1.4
647	-0.584939	34.993911	0.143123	1.3
648	-0.572677	34.969175	0.095593	1.4
649	-0.000005	34.944485	0.000011	3.0
650	-0.432539	34.919841	0.111247	2.1
651	-0.429400	34.895244	0.128673	1.7
652	-0.222659	34.870693	0.077368	3.2
653	-0.485102	34.846188	0.100424	1.1
654	-0.701734	34.821729	0.206053	1.3
655	-0.668074	34.797315	0.257840	1.4
656	-0.213329	34.772947	0.069817	1.8
657	-0.033159	34.748625	0.008796	2.3
658	-0.209793	34.724348	0.050365	3.0
659	-0.188326	34.700116	0.031217	1.6
660	-0.446969	34.675929	0.076103	1.6
661	-0.249487	34.651787	0.056844	1.5
662	-0.456823	34.627690	0.172683	1.4
663	-0.172582	34.603637	0.064810	1.4
664	-0.301813	34.579629	0.078468	1.4
665	-0.519112	34.555665	0.041459	1.7
666	-0.380596	34.531746	0.115794	2.4
667	-0.382731	34.507871	0.162770	1.4
668	-0.578180	34.484039	0.133569	1.5
669	-0.360215	34.460252	0.139082	2.3
670	-0.525329	34.436508	0.164630	1.6
671	-0.210685	34.412807	0.069415	1.4
672	-0.160474	34.389151	0.011496	1.6
673	-0.000003	34.365537	0.000003	1.4
674	-0.332821	34.341967	0.077683	1.4
675	-0.721701	34.318440	0.322384	2.7
676	-0.214289	34.294955	0.034975	1.4
677	-0.438839	34.271514	0.087198	1.4
678	-0.444271	34.248115	0.147380	1.5
679	-0.531697	34.224759	0.147908	1.7
680	-0.142158	34.201445	0.055265	1.4
681	-0.153019	34.178173	0.014360	1.4
682	-0.128546	34.154944	0.028480	1.4
683	-0.643340	34.131756	0.093463	1.4
684	-0.118504	34.108611	0.037797	2.3
685	-0.402983	34.085507	0.036551	2.4
686	-0.283911	34.062445	0.058088	1.4
687	-0.680044	34.039425	0.168242	1.4
688	-0.738349	34.016446	0.105149	1.6
689	-0.263238	33.993509	0.112379	1.5
690	-0.288747	33.970612	0.140141	1.3
691	-0.370912	33.947757	0.051781	1.5
692	-0.587303	33.924943	0.158159	1.4
693	-0.097234	33.902169	0.025645	1.4
694	-0.057519	33.879436	0.022738	1.7
695	-0.374403	33.856744	0.083937	1.5
696	-0.480263	33.834092	0.074027	1.5
697	-0.211684	33.811481	0.041344	1.4
698	-0.318193	33.788910	0.189357	1.4
699	-0.558466	33.766379	0.232348	1.3
700	-0.616358	33.743888	0.104229	1.3
701	-0.246105	33.721437	0.121255	1.3
702	-0.408640	33.699026	0.065270	1.7
703	-0.201873	33.676654	0.061635	3.7
704	-0.595201	33.654322	0.060240	1.4
705	-0.455393	33.632030	0.028544	1.8
706	-0.713075	33.609776	0.115625	2.6
707	-0.283280	33.587562	0.030826	2.3
708	-0.125398	33.565388	0.052657	2.5
709	-0.262546	33.543252	0.120687	2.1
710	-0.493886	33.521155	0.203511	3.4
711	-0.401470	33.499096	0.045431	1.4
712	-0.469387	33.477077	0.065456	1.4
713	-0.464078	33.455096	0.086761	1.5
714	-0.235561	33.433153	0.068000	1.7
715	-0.322402	33.411249	0.070466	1.5
716	-0.234835	33.389383	0.034186	1.5
717	-0.533300	33.367555	0.206407	1.5
718	-0.346744	33.345765	0.067697	1.6
719	-0.402423	33.324013	0.074785	2.4
720	-0.533850	33.302299	0.181371	3.8
721	-0.243022	33.280623	0.039350	4.9
722	-0.567988	33.258984	0.188961	14.7
723	-0.622371	33.237382	0.174740	1.6
724	-0.381368	33.215818	0.064973	1.6
725	-0.239354	33.194292	0.042159	1.6
726	-0.297178	33.172802	0.061405	1.5
727	-0.689777	33.151349	0.096751	1.9
728	-0.564046	33.129934	0.128744	1.6
729	-0.237285	33.108555	0.046287	1.6
730	-0.412114	33.087213	0.085197	1.6
731	-0.335852	33.065908	0.138461	1.8
732	-0.278831	33.044639	0.036804	4.5
733	-0.579235	33.023406	0.137518	1.6
734	-0.526417	33.002210	0.179057	1.7
735	-0.306194	32.981051	0.078296	2.2
736	-0.520572	32.959927	0.257763	6.1
737	-0.161847	32.938839	0.034893	1.5
738	-0.583402	32.917788	0.206877	1.8
739	-0.520773	32.896772	0.159046	2.4
740	-0.417685	32.875792	0.036242	1.5
741	-0.151263	32.854847	0.018413	1.4
742	-0.456977	32.833938	0.106627	1.5
743	-0.588786	32.813065	0.138613	1.4
744	-0.252405	32.792227	0.050334	1.8
745	-0.400550	32.771424	0.057832	1.7
746	-0.313588	32.750656	0.045661	1.3
747	-0.461414	32.729924	0.126129	1.4
748	-0.408621	32.709226	0.142278	1.4
749	-0.404679	32.688563	0.147960	1.4
750	-0.431350	32.667935	0.144817	1.4
751	-0.271423	32.647342	0.119044	1.4
752	-0.365736	32.626783	0.099858	1.4
753	-0.355104	32.606259	0.195579	1.5
754	-0.313398	32.585769	0.108053	1.5
755	-0.230514	32.565313	0.052572	1.6
756	-0.705086	32.544892	0.181820	1.5
757	-0.235193	32.524505	0.042498	1.4
758	-0.520782	32.504151	0.109109	1.5
759	-0.460416	32.483832	0.109112	2.9
760	-0.666769	32.463547	0.150600	1.4
761	-0.333720	32.443295	0.115046	1.3
762	-0.000000	32.423077	0.000000	3.1
763	-0.483883	32.402892	0.193838	9.3
764	-0.286733	32.382741	0.055393	1.3
765	-0.000000	32.362623	0.000001	1.4
766	-0.738383	32.342539	0.296261	1.6
767	-0.665427	32.322488	0.181170	1.4
768	-0.225816	32.302470	0.019441	1.4
769	-0.275229	32.282485	0.049961	1.4
770	-0.461009	32.262533	0.235797	1.4
771	-0.271470	32.242613	0.050508	2.0
772	-0.328119	32.222727	0.073901	2.5
773	-0.161378	32.202873	0.025198	1.5
774	-0.193742	32.183052	0.021398	1.4
775	-0.000000	32.163263	0.000000	1.8
776	-0.007891	32.143507	0.005763	1.5
777	-0.323940	32.123783	0.112131	1.8
778	-0.180786	32.104091	0.066416	1.6
779	-0.450784	32.084432	0.070539	1.7
780	-0.449488	32.064804	0.060623	1.8
781	-0.218813	32.045209	0.012727	2.0
782	-0.572289	32.025645	0.118954	4.0
783	-0.272566	32.006113	0.109666	3.7
784	-0.989744	31.986613	0.327790	3.0
785	-0.574998	31.967145	0.227667	4.8
786	-0.292891	31.947708	0.062045	3.3
787	-0.195103	31.928302	0.022439	1.8
788	-0.222974	31.908928	0.043202	1.8
789	-0.155698	31.889586	0.025969	3.0
790	-0.232485	31.870274	0.080842	2.1
791	-0.468861	31.850994	0.088861	2.1
792	-0.285066	31.831745	0.104256	1.9
793	-0.098247	31.812527	0.009214	2.3
794	-0.335384	31.793339	0.109628	2.0
795	-0.357591	31.774183	0.044915	2.0
796	-0.584632	31.755057	0.152573	2.9
797	-0.350568	31.735962	0.175550	3.1
798	-0.355336	31.716898	0.133705	2.9
799	-0.185758	31.697864	0.041586	1.6
800	-0.743273	31.678860	0.393740	1.4
801	-0.109801	31.659887	0.032613	1.3
802	-0.613602	31.640944	0.101068	2.0
803	-0.071859	31.622032	0.031248	1.7
804	-0.277191	31.603149	0.044088	1.9
805	-0.417437	31.584296	0.162736	1.8
806	-0.387292	31.565474	0.052871	1.5
807	-0.042306	31.546681	0.013113	3.1
808	-0.213033	31.527918	0.041713	1.4
809	-0.590783	31.509185	0.120895	1.3
810	-0.064713	31.490482	0.018090	1.9
811	-0.460819	31.471808	0.088327	1.4
812	-0.316123	31.453163	0.115089	1.4
813	-0.624062	31.434548	0.113382	4.3
814	-0.337736	31.415963	0.039733	7.2
815	-0.057159	31.397406	0.008155	3.5
816	-0.406831	31.378879	0.049283	3.4
817	-0.557153	31.360381	0.182309	3.5
818	-0.328617	31.341912	0.021691	3.8
819	-0.000000	31.323472	0.000000	3.2
820	-0.759160	31.305061	0.057069	6.0
821	-0.427399	31.286678	0.388522	2.0
822	-0.571491	31.268325	0.230332	2.4
823	-0.301219	31.250000	0.061245	1.7
824	-0.227900	31.231704	0.102962	1.8
825	-0.155862	31.213436	0.034186	2.2
826	-0.321302	31.195197	0.061348	1.7
827	-0.149771	31.176986	0.030456	3.9
828	-0.605079	31.158803	0.099207	3.2
829	-0.123593	31.140649	0.033987	2.6
830	-0.256860	31.122523	0.011947	1.6
831	-0.215664	31.104425	0.059347	1.5
832	-0.194288	31.086355	0.025681	1.6
833	-0.167746	31.068313	0.068112	2.2
834	-0.100545	31.050299	0.022996	1.4
835	-0.407205	31.032313	0.079699	1.2
836	-0.086192	31.014354	0.022906	1.4
837	-0.288992	30.996423	0.073894	1.4
838	-0.150867	30.978520	0.057215	1.4
839	-0.425161	30.960644	0.102002	2.2
840	-0.184641	30.942796	0.091707	1.6
841	-0.239347	30.924976	0.024329	1.3
842	-0.370137	30.907182	0.131585	1.4
843	-0.467582	30.889416	0.025008	1.6
844	-0.521991	30.871677	0.102212	2.2
845	-0.599178	30.853965	0.190423	1.4
846	-0.451635	30.836280	0.097096	1.4
847	-0.523180	30.818623	0.079807	1.4
848	-0.242814	30.800992	0.066043	1.4
849	-0.120810	30.783388	0.052557	1.5
850	-0.443110	30.765811	0.086479	1.5
851	-0.697513	30.748261	0.182896	1.8
852	-0.326853	30.730737	0.116590	2.6
853	-0.046954	30.713240	0.036329	1.7
854	-0.484758	30.695769	0.188975	1.6
855	-0.677364	30.678325	0.283866	1.4
856	-0.166847	30.660907	0.041575	1.4
857	-0.126645	30.643516	0.060649	1.4
858	-0.478642	30.626151	0.109235	1.3
859	-0.246013	30.608812	0.120447	1.4
860	-0.162683	30.591500	0.060959	1.8
861	-0.157756	30.574213	0.012143	2.0
862	-0.122781	30.556952	0.033812	1.9
863	-0.340205	30.539718	0.155339	1.5
864	-0.440318	30.522509	0.026860	1.4
865	-0.243727	30.505326	0.094566	1.3
866	-0.254732	30.488169	0.124877	1.4
867	-0.113281	30.471038	0.067165	1.5
868	-0.301481	30.453932	0.054141	1.4
869	-0.125516	30.436852	0.062778	1.5
870	-0.571531	30.419797	0.043851	3.1
871	-0.278603	30.402768	0.232507	1.8
872	-0.509252	30.385764	0.283873	1.5
873	-0.295523	30.368786	0.029297	1.5
874	-0.234367	30.351833	0.075338	1.5
875	-0.112695	30.334905	0.023092	1.5
876	-0.071632	30.318002	0.031625	1.5
877	-0.609988	30.301124	0.153264	1.4
878	-0.359247	30.284271	0.091158	1.4
879	-0.401232	30.267444	0.111002	1.4
880	-0.182394	30.250641	0.040336	1.7
881	-0.437970	30.233863	0.059987	1.4
882	-0.397243	30.217110	0.048030	1.3
883	-0.596432	30.200381	0.385085	1.4
884	-0.199581	30.183678	0.007501	1.3
885	-0.309853	30.166998	0.050025	1.4
886	-0.851357	30.150344	0.190110	1.4
887	-0.203914	30.133714	0.078019	1.4
888	-0.494737	30.117108	0.093735	1.4
889	-0.564169	30.100527	0.061517	1.4
890	-0.159999	30.083970	0.036694	3.7
891	-0.174833	30.067437	0.035121	1.5
892	-0.340994	30.050929	0.056368	1.4
893	-0.401399	30.034444	0.106353	1.4
894	-0.201085	30.017984	0.025649	1.4
895	-0.148121	30.001548	0.027371	1.4
896	-0.696668	29.985136	0.215800	1.4
897	-0.084099	29.968747	0.043498	1.2
898	-0.470129	29.952383	0.112819	1.5
899	-0.216826	29.936042	0.070118	1.4
900	-0.189818	29.919725	0.064954	1.3
901	-0.581989	29.903432	0.126283	1.7
902	-0.224266	29.887163	0.053059	1.9
903	-0.562512	29.870917	0.136306	1.6
904	-0.455934	29.854694	0.076222	1.5
905	-0.409258	29.838495	0.165674	1.6
906	-0.423304	29.822320	0.213321	1.6
907	-0.481690	29.806168	0.137197	1.4
908	-0.334826	29.790039	0.066891	1.4
909	-0.669468	29.773933	0.106896	1.5
910	-0.000502	29.757851	0.001917	2.1
911	-0.599767	29.741791	0.248416	1.9
912	-0.394465	29.725755	0.080165	1.8
913	-0.529184	29.709742	0.106079	1.5
914	-0.653888	29.693752	0.155164	1.3
915	-0.662893	29.677785	0.234899	1.5
916	-0.308646	29.661840	0.083162	1.4
917	-0.011452	29.645919	0.008646	1.3
918	-0.066458	29.630020	0.037038	2.0
919	-0.479813	29.614144	0.106874	1.5
920	-0.400980	29.598290	0.117458	1.4
921	-0.489855	29.582460	0.107609	1.4
922	-0.139537	29.566651	0.057764	1.4
923	-0.186718	29.550866	0.052727	1.4
924	-0.481481	29.535102	0.096846	1.4
925	-0.649770	29.519362	0.434606	2.4
926	-0.153086	29.503643	0.069240	7.4
927	-0.230182	29.487947	0.025322	4.1
928	-0.519163	29.472273	0.057918	4.9
929	-0.192769	29.456621	0.104805	2.9
930	-0.417379	29.440992	0.113454	1.6
931	-0.407745	29.425384	0.152130	1.5
932	-0.545808	29.409799	0.212101	1.6
933	-0.120631	29.394235	0.035981	1.6
934	-0.172586	29.378694	0.014156	1.4
935	-0.528114	29.363174	0.128192	5.5
936	-0.206043	29.347676	0.033575	2.8
937	-0.374212	29.332200	0.112007	4.1
938	-0.547095	29.316746	0.045833	6.1
939	-0.200618	29.301313	0.079497	4.8
940	-0.467626	29.285902	0.179619	2.5
941	-0.266725	29.270513	0.089845	1.5
942	-0.332850	29.255145	0.099879	5.2
943	-0.426784	29.239799	0.116523	1.6
944	-0.274912	29.224474	0.099852	1.5
945	-0.574634	29.209171	0.089910	1.5
946	-0.443577	29.193888	0.098930	2.0
947	-0.406978	29.178628	0.146658	2.0
948	-0.002560	29.163388	0.001825	1.6
949	-0.646902	29.148170	0.067069	2.0
950	-0.444199	29.132973	0.113177	2.0
951	-0.125721	29.117797	0.015792	2.4
952	-0.128014	29.102642	0.008258	1.5
953	-0.473402	29.087508	0.031504	1.4
954	-0.194257	29.072395	0.017467	1.4
955	-0.200496	29.057303	0.027383	1.3
956	-0.446807	29.042231	0.137357	1.8
957	-0.545413	29.027181	0.121236	1.4
958	-0.652087	29.012151	0.233961	1.4
959	-0.451990	28.997142	0.099536	1.5
960	-0.293649	28.982154	0.044598	2.0
961	-0.157302	28.967187	0.021913	1.5
962	-0.718878	28.952240	0.299598	2.4
963	-0.203744	28.937313	0.024250	2.2
964	-0.339597	28.922407	0.047702	4.0
965	-0.157207	28.907522	0.029093	2.0
966	-0.085999	28.892657	0.025359	1.3
967	-0.516183	28.877812	0.118370	1.6
968	-0.623954	28.862988	0.124680	1.7
969	-0.473558	28.848184	0.148013	1.9
970	-0.407053	28.833400	0.023840	1.7
971	-0.410870	28.818636	0.080790	1.4
972	-0.190379	28.803893	0.092000	1.8
973	-0.395939	28.789170	0.135947	2.0
974	-0.251765	28.774466	0.071936	1.4
975	-0.339060	28.759783	0.045626	1.8
976	-0.632857	28.745119	0.225012	1.5
977	-0.671634	28.730476	0.104029	1.4
978	-0.299144	28.715852	0.116062	1.3
979	-0.420097	28.701249	0.075109	1.3
980	-0.935164	28.686665	0.277084	1.4
981	-0.209988	28.672100	0.032096	2.3
982	-0.212660	28.657556	0.048204	2.7
983	-0.278499	28.643031	0.054744	1.4
984	-0.601776	28.628526	0.181462	1.4
985	-0.113543	28.614040	0.038711	1.4
986	-0.281357	28.599574	0.084822	1.4
987	-0.473981	28.585127	0.118701	1.4
988	-0.857397	28.570700	0.320110	1.4
989	-0.693982	28.556292	0.328905	2.1
990	-0.000026	28.541904	0.000035	1.4
991	-0.282188	28.527535	0.035436	1.5
992	-0.051227	28.513185	0.007381	1.5
993	-0.331605	28.498854	0.090158	1.4
994	-0.413093	28.484543	0.082807	2.8
995	-0.000002	28.470250	0.000006	1.5
996	-0.292543	28.455977	0.023510	1.6
997	-0.700752	28.441723	0.129590	1.4
998	-0.366259	28.427488	0.014374	1.4
999	-0.188933	28.413272	0.058710	1.7
1000	-0.364493	28.399075	0.105092	1.9
1001	-0.170402	28.384897	0.046593	1.5
1002	-0.241503	28.370737	0.040262	1.5
1003	-0.730804	28.356597	0.216367	1.7
1004	-0.460868	28.342475	0.116177	1.4
1005	-0.317855	28.328372	0.064471	1.4
1006	-0.235219	28.314287	0.058988	1.3
1007	-0.240011	28.300222	0.121660	1.4
1008	-0.024170	28.286174	0.021544	1.3
1009	-0.237738	28.272146	0.066027	1.4
1010	-0.087231	28.258136	0.018062	2.0
1011	-0.564396	28.244144	0.125576	1.5
1012	-0.497276	28.230171	0.166833	1.7
1013	-0.200897	28.216217	0.011179	3.1
1014	-0.453072	28.202281	0.094146	2.7
1015	-0.391127	28.188363	0.112179	2.1
1016	-0.480523	28.174463	0.148527	2.6
1017	-0.529653	28.160582	0.245586	2.1
1018	-0.484277	28.146719	0.098612	1.4
1019	-0.306817	28.132874	0.044288	1.4
1020	-0.401350	28.119047	0.117017	1.5
1021	-0.000000	28.105238	0.000000	1.3
1022	-0.748345	28.091448	0.283439	1.4
1023	-0.288196	28.077675	0.041377	1.8
1024	-0.441406	28.063921	0.081032	10.0
1025	-0.080344	28.050184	0.020285	3.6
1026	-0.208303	28.036465	0.064475	3.2
1027	-0.465407	28.022764	0.144028	3.4
1028	-0.292028	28.009081	0.053209	3.6
1029	-0.192764	27.995416	0.036893	3.5
1030	-0.000510	27.981769	0.001181	3.2
1031	-0.350893	27.968139	0.154519	3.5
1032	-0.113534	27.954527	0.031684	3.5
1033	-0.289622	27.940933	0.148927	3.6
1034	-0.347829	27.927356	0.059391	3.4
1035	-0.196886	27.913797	0.061775	2.3
1036	-0.505994	27.900255	0.123169	1.9
1037	-0.672662	27.886731	0.101655	2.4
1038	-0.341311	27.873224	0.118257	2.1
1039	-0.645937	27.859735	0.284311	1.4
1040	-0.032849	27.846263	0.018449	1.7
1041	-0.077901	27.832809	0.023241	1.4
1042	-0.054689	27.819372	0.014675	1.5
1043	-0.259449	27.805952	0.089028	1.4
1044	-0.295844	27.792549	0.074054	1.4
1045	-0.428847	27.779164	0.190106	1.4
1046	-0.529141	27.765796	0.214003	1.5
1047	-0.137721	27.752445	0.040474	1.6
1048	-0.417932	27.739111	0.153022	1.6
1049	-0.150138	27.725794	0.096190	1.5
1050	-0.222803	27.712494	0.031081	1.3
1051	-0.427160	27.699211	0.105961	1.4
1052	-0.312406	27.685945	0.094043	1.4
1053	-0.614517	27.672696	0.233994	1.5
1054	-0.065764	27.659464	0.031342	1.6
1055	-0.274435	27.646249	0.023276	1.5
1056	-0.675817	27.633050	0.083811	1.5
1057	-0.635169	27.619869	0.238616	2.7
1058	-0.408239	27.606704	0.052636	1.8
1059	-0.490316	27.593556	0.168800	1.9
1060	-0.558280	27.580424	0.054780	1.8
1061	-0.355941	27.567310	0.072765	1.8
1062	-0.220355	27.554211	0.108297	1.4
1063	-0.573255	27.541130	0.321608	3.9
1064	-0.231659	27.528065	0.056659	2.2
1065	-0.001309	27.515016	0.004735	3.5
1066	-0.197717	27.501984	0.033566	1.6
1067	-0.427813	27.488968	0.146416	2.0
1068	-0.079417	27.475969	0.025216	2.7
1069	-0.436751	27.462986	0.218428	1.4
1070	-0.221556	27.450020	0.028418	1.7
1071	-0.636920	27.437070	0.156442	2.2
1072	-0.338098	27.424136	0.047916	1.4
1073	-0.386221	27.411218	0.076653	1.5
1074	-0.402573	27.398317	0.064018	1.4
1075	-0.393706	27.385432	0.138085	1.4
1076	-0.481832	27.372563	0.176208	2.3
1077	-0.684712	27.359710	0.353957	2.1
1078	-0.143022	27.346873	0.038718	1.8
1079	-0.758500	27.334052	0.236168	1.4
1080	-0.158564	27.321247	0.013729	1.4
1081	-0.244434	27.308458	0.019452	1.5
1082	-0.123208	27.295685	0.044979	1.9
1083	-0.210416	27.282928	0.062335	1.6
1084	-0.214139	27.270187	0.068645	1.4
1085	-0.207183	27.257462	0.092450	1.5
1086	-0.319630	27.244753	0.138937	1.4
1087	-0.245051	27.232059	0.064089	1.4
1088	-0.264400	27.219381	0.077895	1.3
1089	-0.437047	27.206719	0.222810	1.6
1090	-0.488641	27.194072	0.229001	2.1
1091	-0.374877	27.181442	0.048142	1.7
1092	-0.522537	27.168827	0.186318	1.4
1093	-0.383815	27.156227	0.095213	5.2
1094	-0.472097	27.143643	0.082727	2.4
1095	-0.537674	27.131075	0.154258	1.4
1096	-0.516521	27.118522	0.104367	1.6
1097	-0.324320	27.105984	0.081225	1.9
1098	-0.543461	27.093462	0.195210	1.4
1099	-0.606294	27.080956	0.245558	2.0
1100	-0.263068	27.068464	0.054763	1.4
1101	-0.445938	27.055988	0.194705	1.4
1102	-0.543121	27.043528	0.092107	1.7
1103	-0.192367	27.031083	0.057460	1.7
1104	-0.183558	27.018653	0.024194	1.5
1105	-0.346402	27.006238	0.099634	3.1
1106	-0.555354	26.993838	0.211821	1.6
1107	-0.093428	26.981454	0.020348	1.4
1108	-0.365502	26.969085	0.180915	1.4
1109	-0.927504	26.956731	0.195641	1.3
1110	-0.395580	26.944392	0.034961	1.4
1111	-0.261126	26.932068	0.020068	1.4
1112	-0.662030	26.919759	0.236981	1.4
1113	-0.852981	26.907465	0.148338	1.5
1114	-0.291174	26.895185	0.157273	2.3
1115	-0.239135	26.882921	0.085633	1.6
1116	-0.464605	26.870672	0.148239	1.5
1117	-0.309172	26.858438	0.076366	1.4
1118	-0.327410	26.846218	0.139284	1.4
1119	-0.550403	26.834014	0.081965	1.3
1120	-0.287182	26.821824	0.138688	1.3
1121	-0.289474	26.809649	0.082519	1.8
1122	-0.688686	26.797488	0.296109	1.4
1123	-0.380362	26.785343	0.051229	2.7
1124	-0.183787	26.773211	0.038143	1.9
1125	-0.000005	26.761095	0.000008	1.9
1126	-0.678074	26.748993	0.290016	2.2
1127	-0.240761	26.736906	0.058634	1.5
1128	-0.615355	26.724833	0.216315	1.6
1129	-0.646254	26.712775	0.116018	1.4
1130	-0.365649	26.700732	0.043133	1.4
1131	-0.273641	26.688703	0.029952	1.4
1132	-0.696811	26.676688	0.106684	1.4
1133	-0.285013	26.664687	0.074314	1.9
1134	-0.379234	26.652702	0.108243	1.4
1135	-0.472340	26.640730	0.066686	1.4
1136	-0.633853	26.628773	0.152297	1.8
1137	-0.306510	26.616830	0.084288	9.9
1138	-0.533194	26.604901	0.129784	13.9
1139	-0.341630	26.592987	0.158392	2.0
1140	-0.453421	26.581087	0.167385	2.9
1141	-0.292073	26.569201	0.154540	1.9
1142	-0.839560	26.557329	0.234534	1.9
1143	-0.564045	26.545471	0.241561	1.9
1144	-0.566732	26.533627	0.406585	2.0
1145	-0.096230	26.521798	0.009263	3.0
1146	-0.264017	26.509982	0.020416	1.3
1147	-0.228704	26.498181	0.032555	1.7
1148	-0.003255	26.486393	0.005286	1.8
1149	-0.052545	26.474620	0.051071	1.7
1150	-0.131123	26.462860	0.026120	1.6
1151	-0.259292	26.451115	0.031866	1.3
1152	-0.252117	26.439383	0.061086	1.5
1153	-0.310667	26.427665	0.060054	1.1
1154	-0.000000	26.415961	0.000000	2.6
1155	-0.316795	26.404271	0.039076	2.1
1156	-0.362705	26.392595	0.108678	1.7
1157	-0.109650	26.380932	0.016446	1.3
1158	-0.641484	26.369283	0.174095	1.7
1159	-0.189216	26.357648	0.030137	1.2
1160	-0.250484	26.346026	0.035352	6.1
1161	-0.151427	26.334418	0.057112	2.0
1162	-0.208233	26.322824	0.038195	2.0
1163	-0.364023	26.311243	0.066516	1.9
1164	-0.632594	26.299676	0.239230	1.9
1165	-0.196223	26.288123	0.053384	1.4
1166	-0.357925	26.276583	0.036808	1.5
1167	-0.282563	26.265056	0.052453	1.6
1168	-0.224276	26.253543	0.050835	1.4
1169	-0.464433	26.242044	0.061953	1.6
1170	-0.483758	26.230558	0.135585	2.0
1171	-0.339441	26.219085	0.067722	2.3
1172	-0.583794	26.207625	0.308470	2.7
1173	-0.503767	26.196179	0.149647	1.6
1174	-0.484143	26.184747	0.194495	1.4
1175	-0.071516	26.173327	0.015612	1.4
1176	-0.511431	26.161921	0.095820	3.3
1177	-0.000000	26.150528	0.000000	1.4
1178	-0.137891	26.139148	0.035974	1.4
1179	-0.337022	26.127782	0.059684	1.6
1180	-0.147674	26.116429	0.054972	1.5
1181	-0.234295	26.105088	0.065616	1.9
1182	-0.392884	26.093761	0.166158	1.8
1183	-0.409248	26.082447	0.168170	1.6
1184	-0.565866	26.071147	0.183354	1.4
1185	-0.124876	26.059859	0.038074	1.3
1186	-0.370519	26.048584	0.199574	1.4
1187	-0.539632	26.037322	0.094414	1.4
1188	-0.100167	26.026073	0.031241	1.4
1189	-0.208115	26.014837	0.059693	1.3
1190	-0.514649	26.003614	0.265854	1.4
1191	-0.661818	25.992404	0.151697	1.4
1192	-0.798002	25.981207	0.475792	1.4
1193	-0.308263	25.970023	0.051935	1.4
1194	-0.276169	25.958851	0.064112	1.4
1195	-0.234479	25.947693	0.039585	1.7
1196	-0.351631	25.936547	0.056212	1.9
1197	-0.146522	25.925414	0.028301	1.9
1198	-0.293189	25.914293	0.057220	1.9
1199	-0.016976	25.903185	0.007674	1.8
1200	-0.217996	25.892090	0.088886	1.6
1201	-0.779649	25.881008	0.324824	1.4
1202	-0.045692	25.869938	0.015821	2.3
1203	-0.150192	25.858881	0.067816	1.5
1204	-0.344738	25.847837	0.078955	1.5
1205	-0.399857	25.836805	0.037078	1.4
1206	-0.445140	25.825785	0.090996	1.4
1207	-0.121003	25.814778	0.036616	1.4
1208	-0.419182	25.803784	0.043840	1.4
1209	-0.342539	25.792802	0.013940	1.4
1210	-0.047225	25.781833	0.007858	1.4
1211	-0.165576	25.770876	0.003530	1.3
1212	-0.567914	25.759931	0.156925	1.4
1213	-0.204015	25.748999	0.082990	1.4
1214	-0.321301	25.738079	0.071728	1.5
1215	-0.188506	25.727172	0.029427	2.6
1216	-0.696980	25.716276	0.252994	2.0
1217	-0.430377	25.705394	0.084740	1.8
1218	-0.437920	25.694523	0.100844	1.6
1219	-0.378750	25.683665	0.099856	1.4
1220	-0.349745	25.672818	0.063874	1.4
1221	-0.505837	25.661984	0.162749	1.4
1222	-0.421650	25.651163	0.227737	1.4
1223	-0.551810	25.640353	0.112280	1.8
1224	-0.263312	25.629556	0.082734	1.7
1225	-0.532641	25.618770	0.050300	1.6
1226	-0.000000	25.607997	0.000000	1.3
1227	-0.354144	25.597236	0.082835	3.4
1228	-0.343016	25.586487	0.022207	1.9
1229	-0.443499	25.575750	0.190524	1.4
1230	-0.144573	25.565025	0.022097	1.5
1231	-0.526352	25.554312	0.136874	1.4
1232	-0.255212	25.543610	0.063277	1.7
1233	-0.528244	25.532921	0.114753	2.5
1234	-0.364501	25.522244	0.098738	1.5
1235	-0.536322	25.511579	0.153956	3.6
1236	-0.365181	25.500925	0.118638	2.4
1237	-0.424312	25.490283	0.201413	1.9
1238	-0.393622	25.479654	0.171937	2.4
1239	-0.487861	25.469036	0.093082	3.9
1240	-0.458575	25.458429	0.187835	1.8
1241	-0.118538	25.447835	0.051117	2.0
1242	-0.324145	25.437252	0.025421	1.4
1243	-0.263727	25.426681	0.061656	1.4
1244	-0.496477	25.416122	0.200793	1.4
1245	-0.288757	25.405574	0.022527	1.6
1246	-0.345097	25.395039	0.094700	1.5
1247	-0.696701	25.384514	0.126812	2.5
1248	-0.724347	25.374002	0.174398	14.4
1249	-0.387361	25.363501	0.098854	2.9
1250	-0.447061	25.353011	0.177610	2.2
1251	-0.393019	25.342533	0.152409	6.4
1252	-0.306413	25.332067	0.134831	4.5
1253	-0.534957	25.321612	0.173837	3.4
1254	-0.523882	25.311169	0.152480	2.2
1255	-0.054271	25.300737	0.020111	2.3
1256	-0.518116	25.290317	0.186793	4.7
1257	-0.178706	25.279908	0.038842	3.4
1258	-0.305829	25.269510	0.059599	2.1
1259	-0.348844	25.259124	0.119242	1.5
1260	-0.472738	25.248749	0.272044	1.1
1261	-0.354762	25.238386	0.071544	1.5
1262	-0.625680	25.228034	0.291810	2.0
1263	-0.537674	25.217693	0.129743	1.8
1264	-0.473836	25.207363	0.155289	7.0
1265	-0.298287	25.197045	0.061658	2.7
1266	-0.112591	25.186738	0.009338	1.3
1267	-0.234954	25.176442	0.065167	2.0
1268	-0.719269	25.166158	0.348332	1.5
1269	-0.542107	25.155885	0.142877	1.5
1270	-0.448075	25.145623	0.122574	1.5
1271	-0.459524	25.135372	0.040239	1.6
1272	-0.269985	25.125132	0.025655	1.7
1273	-0.352541	25.114903	0.074240	1.4
1274	-0.197477	25.104685	0.159027	1.4
1275	-0.372856	25.094479	0.051977	1.6
1276	-0.370759	25.084283	0.054064	2.0
1277	-0.579723	25.074099	0.062494	1.6
1278	-0.313361	25.063926	0.070920	1.5
1279	-0.613394	25.053763	0.088726	1.6
1280	-0.312110	25.043612	0.151218	2.5
1281	-0.274241	25.033471	0.045829	2.3
1282	-0.445946	25.023342	0.144813	1.4
1283	-0.319482	25.013223	0.115652	1.3
1284	-0.040746	25.003115	0.039942	1.4
1285	-0.542652	24.993018	0.156346	2.3
1286	-0.453553	24.982932	0.116859	1.5
1287	-0.577914	24.972857	0.208557	1.4
1288	-0.697509	24.962793	0.246140	1.4
1289	-0.083000	24.952740	0.018403	1.4
1290	-0.704641	24.942697	0.257812	1.4
1291	-0.378972	24.932665	0.058611	1.5
1292	-0.175570	24.922644	0.040859	1.4
1293	-0.339389	24.912633	0.131441	1.4
1294	-0.564538	24.902634	0.145411	1.6
1295	-0.153496	24.892645	0.030737	1.6
1296	-0.425659	24.882666	0.176712	1.4
1297	-0.476566	24.872699	0.210809	1.4
1298	-0.184806	24.862742	0.075468	1.4
1299	-0.739531	24.852795	0.264361	2.1
1300	-0.351881	24.842859	0.030790	1.6
1301	-0.526654	24.832934	0.135355	1.4
1302	-0.118635	24.823019	0.019117	2.1
1303	-0.161440	24.813115	0.024833	1.9
1304	-0.967292	24.803222	0.220529	1.9
1305	-0.032801	24.793339	0.001401	2.0
1306	-0.380704	24.783466	0.199300	2.0
1307	-0.440213	24.773604	0.079864	1.5
1308	-0.081739	24.763752	0.037320	1.6
1309	-0.390074	24.753911	0.028879	1.3
1310	-0.570374	24.744080	0.163061	1.3
1311	-0.914398	24.734260	0.230670	1.3
1312	-0.385240	24.724450	0.054187	1.4
1313	-0.212815	24.714650	0.104626	1.6
1314	-0.654605	24.704861	0.182291	1.8
1315	-0.456832	24.695082	0.138840	2.6
1316	-0.475290	24.685314	0.051832	3.1
1317	-0.760177	24.675555	0.318003	2.0
1318	-0.317477	24.665807	0.052419	1.7
1319	-0.172196	24.656069	0.040417	1.6
1320	-0.388915	24.646342	0.086554	1.4
1321	-0.664456	24.636624	0.303909	1.9
1322	-0.965676	24.626917	0.358349	1.9
1323	-0.117582	24.617220	0.018893	1.8
1324	-0.219005	24.607534	0.075835	2.3
1325	-0.358817	24.597857	0.125726	1.9
1326	-0.164071	24.588191	0.065051	1.9
1327	-0.636489	24.578534	0.111204	1.9
1328	-0.220382	24.568888	0.050191	1.4
1329	-0.473619	24.559252	0.121072	1.4
1330	-0.442581	24.549626	0.031918	1.4
1331	-0.297342	24.540010	0.088816	1.4
1332	-0.112453	24.530404	0.038942	1.4
1333	-0.398829	24.520808	0.161733	3.9
1334	-0.121539	24.511222	0.030280	1.4
1335	-0.414920	24.501646	0.104196	1.4
1336	-0.365055	24.492080	0.188261	1.4
1337	-0.437731	24.482524	0.136969	1.4
1338	-0.338792	24.472978	0.082320	1.4
1339	-0.599015	24.463442	0.116473	1.4
1340	-0.244192	24.453916	0.060753	1.4
1341	-0.088863	24.444399	0.052093	1.4
1342	-0.493162	24.434893	0.157493	2.3
1343	-0.449046	24.425396	0.167740	1.6
1344	-0.905934	24.415909	0.455608	1.4
1345	-0.159542	24.406432	0.009880	1.4
1346	-0.336714	24.396965	0.044814	1.4
1347	-0.306604	24.387508	0.029701	1.4
1348	-0.199521	24.378060	0.029796	1.4
1349	-0.097915	24.368622	0.021336	1.3
1350	-0.079237	24.359194	0.004743	1.4
1351	-0.443228	24.349776	0.057932	1.4
1352	-0.460790	24.340367	0.042284	3.4
1353	-0.348072	24.330968	0.012599	1.6
1354	-0.666536	24.321579	0.147881	1.4
1355	-0.326047	24.312199	0.021509	1.4
1356	-0.262907	24.302829	0.048437	1.4
1357	-0.541760	24.293468	0.386333	1.4
1358	-0.179283	24.284118	0.038341	1.4
1359	-0.384440	24.274776	0.093228	1.4
1360	-0.500092	24.265445	0.032400	1.4
1361	-0.430963	24.256123	0.084626	3.6
1362	-0.186866	24.246810	0.053818	3.9
1363	-0.218232	24.237507	0.023884	3.5
1364	-0.278820	24.228213	0.088430	3.5
1365	-0.682299	24.218929	0.063742	2.1
1366	-0.836403	24.209655	0.231871	5.2
1367	-0.155188	24.200390	0.025181	2.5
1368	-0.220703	24.191134	0.044529	3.0
1369	-0.126818	24.181888	0.004266	6.2
1370	-0.177962	24.172651	0.062861	2.0
1371	-0.441631	24.163424	0.171393	2.0
1372	-0.088161	24.154206	0.013888	2.1
1373	-0.534855	24.144997	0.144591	2.1
1374	-0.420144	24.135798	0.048246	1.4
1375	-0.354180	24.126608	0.066882	1.9
1376	-0.535795	24.117427	0.141284	2.3
1377	-0.465473	24.108256	0.141220	2.7
1378	-0.873818	24.099094	0.532283	2.0
1379	-0.381527	24.089941	0.076811	1.6
1380	-0.197757	24.080798	0.013397	4.5
1381	-0.218586	24.071664	0.012605	4.9
1382	-0.216155	24.062539	0.048577	1.6
1383	-0.841731	24.053423	0.143721	1.4
1384	-0.227193	24.044316	0.068593	1.6
1385	-0.691374	24.035219	0.152718	1.9
1386	-0.258155	24.026131	0.027932	1.9
1387	-0.365457	24.017052	0.067976	1.6
1388	-0.133915	24.007982	0.035255	1.6
1389	-0.285173	23.998921	0.041887	1.5
1390	-0.431737	23.989870	0.224323	2.9
1391	-0.156387	23.980827	0.022290	2.3
1392	-0.419468	23.971794	0.136623	1.8
1393	-0.442550	23.962769	0.041389	1.5
1394	-0.384471	23.953754	0.072347	2.3
1395	-0.247130	23.944748	0.044210	2.8
1396	-0.242386	23.935750	0.018402	2.1
1397	-0.288720	23.926762	0.017955	2.1
1398	-0.247612	23.917783	0.012697	2.1
1399	-0.706798	23.908812	0.140324	2.2
1400	-0.205418	23.899851	0.071195	2.1
1401	-0.442203	23.890899	0.116061	4.0
1402	-0.175654	23.881955	0.035230	1.5
1403	-0.494948	23.873021	0.075971	1.6
1404	-0.183506	23.864095	0.058265	2.2
1405	-0.333580	23.855179	0.051944	1.5
1406	-0.144237	23.846271	0.047271	1.8
1407	-0.325121	23.837372	0.032198	1.6
1408	-0.412849	23.828482	0.128201	1.5
1409	-0.261200	23.819600	0.021234	1.7
1410	-0.168132	23.810728	0.014268	1.7
1411	-0.450692	23.801864	0.158359	1.5
1412	-0.446368	23.793009	0.095744	1.4
1413	-0.435060	23.784163	0.171839	1.7
1414	-0.426130	23.775326	0.233211	2.0
1415	-0.189729	23.766497	0.064697	1.8
1416	-0.441377	23.757678	0.084142	1.5
1417	-0.173045	23.748866	0.051172	1.5
1418	-0.466533	23.740064	0.110936	1.5
1419	-0.000000	23.731270	0.000000	1.7
1420	-0.415063	23.722485	0.107630	2.5
1421	-0.189120	23.713709	0.085367	2.2
1422	-0.824371	23.704941	0.405027	1.7
1423	-0.284987	23.696182	0.055372	1.6
1424	-0.466032	23.687432	0.224889	1.8
1425	-0.544994	23.678690	0.127765	1.6
1426	-0.520316	23.669957	0.071258	1.7
1427	-0.284045	23.661232	0.035179	1.7
1428	-0.524302	23.652516	0.045504	3.0
1429	-0.735435	23.643808	0.145301	2.2
1430	-0.221571	23.635110	0.060792	1.5
1431	-0.530987	23.626419	0.087439	2.0
1432	-0.574078	23.617737	0.093560	1.6
1433	-1.262319	23.609064	0.146284	1.4
1434	-0.112159	23.600399	0.036805	1.4
1435	-0.595751	23.591742	0.294117	1.4
1436	-0.190783	23.583094	0.044425	1.3
1437	-0.259807	23.574455	0.041134	2.6
1438	-0.279967	23.565824	0.054533	2.3
1439	-0.738538	23.557201	0.163119	2.4
1440	-0.910052	23.548587	0.281333	1.5
1441	-0.379507	23.539981	0.042805	1.5
1442	-0.361997	23.531383	0.118499	1.5
1443	-0.200962	23.522794	0.080366	1.4
1444	-0.000645	23.514213	0.000814	1.6
1445	-0.339710	23.505641	0.085047	1.9
1446	-0.895745	23.497077	0.503489	3.8
1447	-0.195934	23.488521	0.037984	3.9
1448	-0.674493	23.479973	0.256849	3.9
1449	-0.715969	23.471434	0.430905	2.1
1450	-0.160085	23.462903	0.030390	4.6
1451	-0.135381	23.454381	0.029822	5.1
1452	-0.084014	23.445866	0.010416	5.8
1453	-0.194822	23.437360	0.042120	17.5
1454	-0.177082	23.428862	0.027234	1.9
1455	-0.192349	23.420372	0.038350	2.2
1456	-0.273417	23.411891	0.018192	1.6
1457	-0.624677	23.403417	0.048332	1.3
1458	-0.245846	23.394952	0.034281	1.4
1459	-0.301121	23.386495	0.102630	1.5
1460	-0.036761	23.378046	0.015254	1.8
1461	-0.050812	23.369606	0.009828	1.9
1462	-0.149208	23.361173	0.041491	1.6
1463	-0.525017	23.352749	0.123751	3.1
1464	-0.207974	23.344332	0.047343	2.2
1465	-0.057606	23.335924	0.018928	2.1
1466	-0.265202	23.327524	0.055042	1.1
1467	-0.351432	23.319131	0.060561	1.4
1468	-0.677445	23.310747	0.184936	1.7
1469	-0.106245	23.302371	0.022481	2.3
1470	-0.515749	23.294003	0.090042	1.9
1471	-0.549580	23.285643	0.119433	1.8
1472	-0.584458	23.277291	0.115865	1.9
1473	-0.176730	23.268947	0.031892	1.4
1474	-0.102718	23.260610	0.016837	2.0
1475	-0.243882	23.252282	0.093199	2.1
1476	-0.434784	23.243962	0.148827	1.7
1477	-0.409778	23.235650	0.103808	1.5
1478	-0.250204	23.227345	0.052085	1.7
1479	-0.543901	23.219049	0.160005	1.5
1480	-0.277754	23.210760	0.047638	1.7
1481	-0.534873	23.202480	0.135991	1.4
1482	-0.645646	23.194207	0.287207	1.4
1483	-0.533066	23.185942	0.111662	1.4
1484	-0.235052	23.177685	0.023560	2.0
1485	-0.331313	23.169436	0.071466	1.7
1486	-0.571254	23.161194	0.054055	1.9
1487	-0.167622	23.152960	0.015270	1.6
1488	-0.563069	23.144735	0.096194	1.9
1489	-0.927431	23.136517	0.319458	2.5
1490	-0.051055	23.128306	0.003321	1.9
1491	-0.497142	23.120104	0.086464	1.9
1492	-0.500218	23.111909	0.252874	1.8
1493	-0.538444	23.103722	0.129150	1.9
1494	-0.569319	23.095543	0.135014	1.9
1495	-0.210749	23.087371	0.047652	1.8
1496	-0.141198	23.079207	0.069403	1.8
1497	-0.591865	23.071051	0.189434	1.6
1498	-0.010207	23.062903	0.005131	1.4
1499	-0.190073	23.054762	0.023397	1.3
1500	-0.470135	23.046629	0.066615	1.4
1501	-0.363977	23.038503	0.127578	2.6
1502	-0.145320	23.030385	0.034649	2.0
1503	-0.682192	23.022275	0.256668	1.9
1504	-0.219874	23.014173	0.019745	1.6
1505	-0.568809	23.006078	0.127726	1.4
1506	-0.385732	22.997990	0.083407	1.4
1507	-0.227115	22.989910	0.094630	1.6
1508	-0.449806	22.981838	0.194872	1.6
1509	-0.378285	22.973773	0.061018	1.6
1510	-0.912869	22.965716	0.445546	1.4
1511	-0.254191	22.957666	0.020561	1.4
1512	-0.195644	22.949624	0.050642	1.4
1513	-0.443387	22.941590	0.068800	1.4
1514	-0.786424	22.933562	0.057877	1.4
1515	-0.529485	22.925543	0.043862	1.4
1516	-0.125100	22.917531	0.007944	1.4
1517	-0.636441	22.909526	0.172707	1.4
1518	-0.232150	22.901529	0.061646	1.4
1519	-0.647868	22.893539	0.161572	1.4
1520	-0.572932	22.885556	0.121393	1.4
1521	-0.316062	22.877581	0.058488	1.7
1522	-0.011652	22.869614	0.002472	2.0
1523	-0.352467	22.861654	0.093096	1.9
1524	-0.147679	22.853701	0.016221	1.9
1525	-0.255095	22.845755	0.072860	1.9
1526	-0.816230	22.837817	0.247003	1.8
1527	-0.485275	22.829887	0.210127	1.5
1528	-0.326850	22.821963	0.090823	1.7
1529	-0.197466	22.814047	0.098706	1.7
1530	-0.620842	22.806138	0.094186	1.4
1531	-0.401071	22.798237	0.032406	1.4
1532	-0.449388	22.790343	0.138741	1.4
1533	-0.481415	22.782456	0.100692	1.4
1534	-0.766947	22.774576	0.380307	1.4
1535	-0.157891	22.766704	0.056791	2.3
1536	-0.191940	22.758839	0.079177	1.4
1537	-0.316973	22.750981	0.068223	1.4
1538	-0.543642	22.743131	0.127436	1.4
1539	-0.099495	22.735287	0.036154	5.3
1540	-0.549304	22.727451	0.128785	4.3
1541	-0.234243	22.719622	0.095416	2.2
1542	-1.071322	22.711800	0.201957	2.1
1543	-0.386541	22.703986	0.077340	2.5
1544	-0.639605	22.696178	0.114229	3.9
1545	-0.547971	22.688378	0.315284	3.7
1546	-0.534195	22.680585	0.056908	3.3
1547	-0.457005	22.672799	0.102211	2.4
1548	-0.458270	22.665020	0.146553	2.0
1549	-0.379962	22.657248	0.053654	3.1
1550	-0.386946	22.649484	0.109027	3.2
1551	-0.378292	22.641726	0.044931	4.5
1552	-0.654101	22.633976	0.150920	2.1
1553	-0.435721	22.626232	0.179093	8.0
1554	-0.093090	22.618496	0.043901	2.6
1555	-0.195423	22.610767	0.089895	3.0
1556	-0.676752	22.603044	0.185279	2.8
1557	-0.581967	22.595329	0.148730	6.4
1558	-0.652085	22.587621	0.155646	3.1
1559	-0.393249	22.579920	0.056557	2.9
1560	-0.557422	22.572226	0.210784	3.3
1561	-1.040430	22.564538	0.395232	1.9
1562	-0.466981	22.556858	0.090958	5.7
1563	-0.299431	22.549185	0.071815	2.9
1564	-0.391558	22.541519	0.118336	1.6
1565	-0.058189	22.533859	0.008662	1.4
1566	-0.048296	22.526207	0.005569	1.5
1567	-0.735390	22.518561	0.309243	1.5
1568	-0.277075	22.510923	0.059010	1.7
1569	-0.386636	22.503291	0.077966	4.3
1570	-0.217269	22.495666	0.036467	1.9
1571	-0.583948	22.488048	0.095761	1.6
1572	-0.244416	22.480437	0.038823	1.5
1573	-0.590369	22.472833	0.048382	1.6
1574	-0.408761	22.465236	0.067101	1.5
1575	-0.094732	22.457645	0.029774	1.7
1576	-0.271285	22.450062	0.049769	1.9
1577	-0.345867	22.442485	0.099533	1.9
1578	-0.601160	22.434915	0.143270	1.5
1579	-0.607163	22.427352	0.079617	1.8
1580	-0.375821	22.419795	0.214438	1.8
1581	-0.313743	22.412246	0.094412	1.4
1582	-0.230805	22.404703	0.107386	1.4
1583	-0.886997	22.397167	0.388809	1.4
1584	-0.580762	22.389638	0.079393	1.6
1585	-0.572823	22.382115	0.132370	1.4
1586	-0.233944	22.374599	0.014002	1.5
1587	-0.052221	22.367090	0.033453	4.0
1588	-0.628786	22.359588	0.204472	2.8
1589	-0.190751	22.352092	0.078568	1.7
1590	-0.741318	22.344603	0.365716	1.4
1591	-0.362564	22.337121	0.078694	1.4
1592	-0.309263	22.329645	0.006799	1.4
1593	-0.233827	22.322176	0.068831	2.0
1594	-0.181989	22.314714	0.034666	1.5
1595	-0.366732	22.307258	0.093934	1.5
1596	-0.221864	22.299809	0.030565	1.5
1597	-0.769541	22.292367	0.130061	1.5
1598	-0.212034	22.284931	0.010790	1.4
1599	-0.163994	22.277502	0.032475	1.4
1600	-0.298029	22.270080	0.039587	1.7
1601	-0.582312	22.262664	0.139730	1.4
1602	-0.390289	22.255254	0.036968	1.4
1603	-0.640225	22.247851	0.111142	1.4
1604	-0.446895	22.240455	0.089662	3.4
1605	-0.492749	22.233066	0.110814	1.6
1606	-0.387276	22.225682	0.062677	1.7
1607	-0.465733	22.218306	0.277766	1.9
1608	-0.486267	22.210936	0.174837	1.4
1609	-0.265101	22.203572	0.104794	1.4
1610	-0.137280	22.196215	0.025299	1.4
1611	-0.192779	22.188865	0.046373	1.4
1612	-0.541730	22.181521	0.242396	1.4
1613	-0.008825	22.174183	0.013056	1.4
1614	-0.376709	22.166852	0.113282	1.7
1615	-0.618139	22.159527	0.200663	1.4
1616	-0.253520	22.152209	0.021297	1.6
1617	-0.433655	22.144897	0.120125	1.4
1618	-0.279552	22.137592	0.074013	1.5
1619	-0.519456	22.130293	0.219302	1.4
1620	-0.230365	22.123000	0.047109	1.4
1621	-0.280089	22.115714	0.076373	1.8
1622	-0.865530	22.108435	0.429044	1.5
1623	-0.210517	22.101161	0.035070	3.4
1624	-0.205589	22.093894	0.040433	2.0
1625	-0.591812	22.086634	0.102228	1.9
1626	-0.436724	22.079380	0.078036	2.2
1627	-0.522447	22.072132	0.127293	2.1
1628	-0.481562	22.064890	0.115924	2.0
1629	-0.431960	22.057655	0.079251	1.8
1630	-0.762014	22.050426	0.224763	1.7
1631	-0.408285	22.043204	0.073675	1.6
1632	-0.331718	22.035987	0.080613	1.6
1633	-0.612594	22.028778	0.188041	1.7
1634	-0.263361	22.021574	0.059315	1.7
1635	-0.489454	22.014376	0.069085	1.9
1636	-0.502044	22.007185	0.175974	1.9
1637	-0.456793	22.000001	0.114870	1.6
1638	-0.792169	21.992822	0.249233	1.4
1639	-0.284043	21.985650	0.066505	2.6
1640	-1.090467	21.978483	0.465536	1.4
1641	-0.663980	21.971324	0.146892	1.4
1642	-0.441052	21.964170	0.147176	1.3
1643	-0.125864	21.957022	0.022950	1.4
1644	-0.296426	21.949881	0.037956	1.4
1645	-0.444240	21.942746	0.148934	2.4
1646	-0.112703	21.935617	0.028151	1.6
1647	-0.240370	21.928494	0.024038	1.9
1648	-0.281891	21.921378	0.055080	1.8
1649	-0.377264	21.914267	0.051524	1.4
1650	-0.114331	21.907163	0.045311	1.4
1651	-0.320586	21.900065	0.041069	1.4
1652	-0.540237	21.892973	0.139240	1.3
1653	-0.254075	21.885887	0.020156	3.9
1654	-0.336347	21.878808	0.076552	1.9
1655	-0.194562	21.871734	0.057089	2.5
1656	-0.661108	21.864666	0.307926	2.3
1657	-0.138764	21.857605	0.002433	1.8
1658	-0.298865	21.850549	0.097756	1.4
1659	-0.582051	21.843500	0.227536	1.6
1660	-0.213151	21.836457	0.034547	1.5
1661	-0.158732	21.829420	0.032542	1.5
1662	-0.373474	21.822388	0.072369	2.5
1663	-0.400125	21.815363	0.071817	3.6
1664	-0.518956	21.808344	0.063208	3.7
1665	-0.648183	21.801331	0.175608	3.5
1666	-0.463988	21.794324	0.108420	3.6
1667	-0.900518	21.787323	0.307332	3.5
1668	-0.400077	21.780328	0.148416	3.6
1669	-0.565731	21.773339	0.088862	3.6
1670	-0.580061	21.766356	0.037813	3.5
1671	-0.348849	21.759379	0.173955	2.6
1672	-0.507271	21.752407	0.175357	1.6
1673	-0.797529	21.745442	0.285314	1.6
1674	-0.043592	21.738483	0.021174	1.5
1675	-0.180754	21.731530	0.034645	1.8
1676	-0.534469	21.724582	0.148946	1.4
1677	-0.218136	21.717641	0.075869	1.4
1678	-0.635006	21.710705	0.133982	1.3
1679	-0.362044	21.703775	0.038372	1.4
1680	-0.465820	21.696852	0.146636	1.6
1681	-0.277869	21.689934	0.052771	1.5
1682	-0.266172	21.683022	0.065329	1.7
1683	-0.903758	21.676116	0.462335	1.9
1684	-0.770753	21.669215	0.144549	1.4
1685	-0.254822	21.662321	0.073918	1.5
1686	-0.457705	21.655432	0.190185	1.7
1687	-0.328568	21.648549	0.067145	3.5
1688	-0.495292	21.641673	0.103239	3.5
1689	-0.739390	21.634801	0.192138	3.3
1690	-0.647152	21.627936	0.214817	1.7
1691	-0.249658	21.621077	0.071809	1.7
1692	-0.321044	21.614223	0.099582	1.7
1693	-0.577892	21.607375	0.180887	1.4
1694	-0.290546	21.600533	0.030540	1.4
1695	-0.362840	21.593697	0.074776	1.4
1696	-0.280009	21.586866	0.079674	1.4
1697	-0.000000	21.580041	0.000000	2.4
1698	-0.284373	21.573222	0.107098	2.0
1699	-0.400303	21.566409	0.088832	2.7
1700	-0.682629	21.559601	0.218820	1.9
1701	-0.648176	21.552799	0.153539	1.8
1702	-0.517604	21.546003	0.139653	1.6
1703	-0.322880	21.539213	0.088700	1.5
1704	-0.819380	21.532428	0.270900	2.1
1705	-0.789814	21.525649	0.213433	1.9
1706	-0.501548	21.518876	0.090992	1.7
1707	-0.522566	21.512108	0.104399	1.9
1708	-0.169575	21.505346	0.054880	2.3
1709	-0.376897	21.498590	0.131630	2.2
1710	-0.447579	21.491839	0.115635	2.2
1711	-0.971695	21.485094	0.444720	2.1
1712	-0.521887	21.478355	0.187034	1.9
1713	-0.195417	21.471621	0.020243	2.6
1714	-0.523786	21.464893	0.084209	1.4
1715	-0.112278	21.458171	0.023330	3.3
1716	-0.070315	21.451454	0.036818	2.9
1717	-0.324196	21.444742	0.061104	1.6
1718	-0.613134	21.438037	0.204195	1.5
1719	-0.496270	21.431337	0.074486	1.4
1720	-0.105173	21.424642	0.049853	1.9
1721	-0.591625	21.417953	0.067588	1.8
1722	-0.451418	21.411270	0.126321	1.4
1723	-0.138168	21.404592	0.029796	1.8
1724	-0.191921	21.397920	0.037795	1.3
1725	-0.715702	21.391253	0.199492	1.4
1726	-0.194781	21.384592	0.048179	1.3
1727	-0.293447	21.377936	0.040532	1.9
1728	-0.721398	21.371286	0.200358	1.6
1729	-0.227623	21.364642	0.074587	2.9
1730	-0.621734	21.358002	0.104282	1.9
1731	-0.387007	21.351369	0.049054	1.4
1732	-0.553330	21.344741	0.229123	2.1
1733	-0.625821	21.338118	0.103486	2.0
1734	-0.558717	21.331501	0.286738	1.4
1735	-0.236162	21.324889	0.039767	1.4
1736	-0.517928	21.318283	0.043990	1.3
1737	-0.309899	21.311682	0.130237	1.4
1738	-0.331401	21.305087	0.032608	1.4
1739	-0.448360	21.298497	0.098624	1.8
1740	-0.202254	21.291913	0.056360	3.3
1741	-0.392069	21.285334	0.138134	2.2
1742	-0.260955	21.278760	0.133633	1.8
1743	-0.527437	21.272192	0.100216	1.4
1744	-0.627289	21.265629	0.344801	1.3
1745	-0.480343	21.259072	0.129861	4.8
1746	-0.366828	21.252520	0.092331	1.5
1747	-0.277423	21.245973	0.078763	1.6
1748	-0.064489	21.239432	0.013407	2.0
1749	-0.140518	21.232896	0.030960	2.0
1750	-0.366937	21.226365	0.072859	1.6
1751	-0.213517	21.219840	0.078169	2.3
1752	-0.902388	21.213320	0.479350	3.3
1753	-0.551576	21.206806	0.106811	3.1
1754	-0.222166	21.200297	0.041644	3.7
1755	-0.203590	21.193793	0.060351	3.6
1756	-0.372659	21.187294	0.056095	5.7
1757	-0.000306	21.180801	0.000583	3.5
1758	-0.306259	21.174313	0.033745	2.8
1759	-0.164225	21.167831	0.095966	3.4
1760	-0.167679	21.161353	0.044743	3.7
1761	-0.587672	21.154881	0.071072	5.7
1762	-0.596063	21.148415	0.147039	6.1
1763	-0.184247	21.141953	0.099897	2.3
1764	-0.135984	21.135497	0.055597	2.2
1765	-0.697426	21.129046	0.207677	5.6
1766	-0.434208	21.122600	0.073030	1.7
1767	-0.702366	21.116160	0.174417	5.0
1768	-0.794736	21.109725	0.316563	1.2
1769	-0.262541	21.103295	0.091435	1.3
1770	-1.219711	21.096870	0.334947	1.1
1771	-0.125905	21.090450	0.038447	1.2
1772	-0.289988	21.084036	0.048462	2.7
1773	-0.378342	21.077627	0.017829	1.5
1774	-0.201434	21.071223	0.024347	1.9
1775	-0.317002	21.064824	0.056724	1.6
1776	-0.319706	21.058430	0.037579	5.3
1777	-0.223828	21.052042	0.044017	1.6
1778	-0.273144	21.045659	0.062634	1.7
1779	-0.590561	21.039280	0.114477	2.9
1780	-0.313516	21.032907	0.153928	1.6
1781	-0.522924	21.026540	0.138818	1.6
1782	-0.481089	21.020177	0.227528	1.4
1783	-0.585824	21.013819	0.067625	1.8
1784	-0.000000	21.007467	0.000000	2.1
1785	-0.834833	21.001120	0.544595	1.4
1786	-0.548427	20.994777	0.065030	1.5
1787	-0.000000	20.988440	0.000000	1.3
1788	-0.225093	20.982108	0.034282	1.4
1789	-0.357797	20.975781	0.071302	2.1
1790	-0.245671	20.969460	0.028349	1.5
1791	-0.248187	20.963143	0.010281	1.5
1792	-0.336071	20.956831	0.084212	2.2
1793	-0.535349	20.950525	0.158578	1.4
1794	-0.247704	20.944223	0.058328	1.5
1795	-0.426241	20.937927	0.096630	2.1
1796	-0.467762	20.931635	0.137404	1.7
1797	-0.150562	20.925349	0.030087	2.7
1798	-0.242985	20.919067	0.011969	1.5
1799	-0.372090	20.912791	0.141683	1.9
1800	-0.750381	20.906520	0.276813	1.4
1801	-0.428455	20.900253	0.103897	1.8
1802	-0.441062	20.893992	0.091843	1.6
1803	-0.415910	20.887736	0.204543	1.4
1804	-0.398110	20.881484	0.122372	1.4
1805	-0.257716	20.875238	0.091564	1.4
1806	-0.426988	20.868997	0.110669	1.4
1807	-0.671093	20.862760	0.113991	1.4
1808	-0.183875	20.856529	0.088972	1.4
1809	-0.448874	20.850303	0.057598	2.9
1810	-0.339439	20.844081	0.065084	1.5
1811	-0.956444	20.837865	0.388506	2.1
1812	-0.262320	20.831653	0.051660	1.8
1813	-0.972717	20.825446	0.437430	1.4
1814	-0.083894	20.819244	0.040182	1.4
1815	-0.095378	20.813048	0.033770	1.4
1816	-0.185120	20.806856	0.028878	1.4
1817	-0.418918	20.800669	0.035362	1.4
1818	-0.216437	20.794487	0.033822	1.4
1819	-0.162516	20.788309	0.061576	1.4
1820	-0.418648	20.782137	0.036820	1.5
1821	-0.452496	20.775970	0.089800	1.4
1822	-0.458061	20.769807	0.050167	1.3
1823	-0.101662	20.763650	0.009829	1.4
1824	-0.188252	20.757497	0.099064	1.5
1825	-0.331632	20.751349	0.118476	1.5
1826	-0.441662	20.745206	0.170043	1.4
1827	-0.266552	20.739068	0.063867	1.3
1828	-0.458460	20.732934	0.134992	1.5
1829	-0.819954	20.726806	0.130980	2.5
1830	-0.441631	20.720682	0.118962	1.6
1831	-0.498444	20.714563	0.142422	1.6
1832	-0.349013	20.708449	0.169386	1.8
1833	-0.788268	20.702340	0.317343	1.6
1834	-0.789811	20.696235	0.133496	1.5
1835	-0.652081	20.690135	0.204770	1.4
1836	-0.334690	20.684040	0.099161	1.4
1837	-0.219394	20.677950	0.081857	1.4
1838	-0.611756	20.671865	0.261959	1.4
1839	-0.334650	20.665784	0.090192	1.4
1840	-0.478222	20.659709	0.179063	1.7
1841	-0.791381	20.653638	0.203138	1.6
1842	-0.292392	20.647571	0.136104	1.5
1843	-0.294327	20.641510	0.089917	1.4
1844	-0.846618	20.635453	0.335344	1.4
1845	-0.252666	20.629401	0.044155	1.3
1846	-0.147288	20.623354	0.074197	1.4
1847	-0.440214	20.617311	0.145016	1.4
1848	-0.457172	20.611273	0.226243	2.6
1849	-0.147493	20.605240	0.114870	1.4
1850	-0.630589	20.599212	0.117197	1.4
1851	-0.261791	20.593188	0.048474	1.4
1852	-0.044765	20.587169	0.008593	1.4
1853	-0.617232	20.581154	0.318805	1.9
1854	-0.715919	20.575145	0.200993	1.4
1855	-0.683871	20.569140	0.282971	1.5
1856	-0.315699	20.563139	0.051443	2.6
1857	-0.151482	20.557144	0.028990	1.9
1858	-0.238346	20.551153	0.067501	1.9
1859	-0.201670	20.545166	0.046874	1.9
1860	-0.095661	20.539185	0.014319	1.8
1861	-0.147332	20.533208	0.025362	2.4
1862	-0.288318	20.527235	0.071548	2.1
1863	-0.420352	20.521267	0.203377	2.3
1864	-0.517236	20.515304	0.131158	3.9
1865	-0.361481	20.509346	0.061651	5.3
1866	-0.337189	20.503392	0.066078	3.1
1867	-0.760481	20.497442	0.332697	3.7
1868	-0.219153	20.491498	0.042680	1.4
1869	-0.194591	20.485558	0.069184	1.6
1870	-0.200397	20.479622	0.053034	3.9
1871	-0.489980	20.473691	0.127964	3.8
1872	-0.642181	20.467765	0.137617	1.6
1873	-0.368293	20.461843	0.079051	3.8
1874	-0.381231	20.455926	0.100648	2.6
1875	-0.000000	20.450013	0.000000	2.3
1876	-0.429694	20.444105	0.149110	2.4
1877	-0.480053	20.438201	0.236311	2.4
1878	-0.410630	20.432302	0.079772	2.3
1879	-0.501686	20.426408	0.101171	5.3
1880	-0.792810	20.420518	0.238565	2.8
1881	-0.922561	20.414632	0.455128	3.6
1882	-0.140486	20.408751	0.037467	3.5
1883	-0.415334	20.402875	0.111208	2.2
1884	-0.428651	20.397003	0.038076	2.0
1885	-0.305792	20.391136	0.060218	2.1
1886	-0.791911	20.385273	0.295337	4.9
1887	-0.346480	20.379414	0.040758	4.7
1888	-0.000002	20.373560	0.000005	2.0
1889	-0.109131	20.367711	0.028127	1.6
1890	-0.322351	20.361866	0.071343	2.0
1891	-0.113189	20.356026	0.029079	2.1
1892	-0.237673	20.350190	0.053166	1.8
1893	-0.581242	20.344358	0.140463	1.6
1894	-0.087406	20.338531	0.026168	2.0
1895	-0.279188	20.332708	0.053351	2.7
1896	-0.810363	20.326890	0.310211	1.8
1897	-0.222744	20.321076	0.041843	1.4
1898	-0.163664	20.315267	0.057420	1.5
1899	-0.669444	20.309462	0.277910	1.4
1900	-0.189962	20.303661	0.025939	1.4
1901	-0.343723	20.297865	0.070534	1.3
1902	-0.108085	20.292074	0.040105	1.4
1903	-0.664567	20.286286	0.078044	1.7
1904	-0.505596	20.280504	0.166570	1.5
1905	-0.616115	20.274725	0.187644	1.4
1906	-0.295255	20.268951	0.080923	1.8
1907	-0.571703	20.263181	0.061915	1.9
1908	-0.196038	20.257416	0.037372	1.5
1909	-0.242902	20.251655	0.103669	1.4
1910	-0.579507	20.245899	0.081632	1.3
1911	-0.979041	20.240146	0.331949	2.1
1912	-0.508652	20.234398	0.101180	1.4
1913	-0.239140	20.228655	0.070952	1.6
1914	-0.291255	20.222916	0.095269	1.6
1915	-0.284606	20.217181	0.130508	2.5
1916	-0.736095	20.211450	0.322922	2.2
1917	-0.249044	20.205724	0.025547	1.6
1918	-0.365509	20.200002	0.073533	1.6
1919	-0.291248	20.194285	0.060264	1.4
1920	-0.286797	20.188572	0.093550	1.4
1921	-0.212625	20.182863	0.104451	1.4
1922	-0.687996	20.177158	0.128288	1.9
1923	-0.436634	20.171458	0.170526	1.5
1924	-0.693040	20.165762	0.166986	1.4
1925	-0.530078	20.160070	0.106017	1.5
1926	-0.526378	20.154383	0.177647	1.3
1927	-0.745105	20.148700	0.487302	1.4
1928	-0.158870	20.143021	0.024761	1.4
1929	-0.895263	20.137346	0.235237	2.0
1930	-0.247678	20.131676	0.040093	1.8
1931	-0.160678	20.126010	0.077380	1.6
1932	-0.514843	20.120348	0.077633	1.5
1933	-0.486507	20.114690	0.250759	2.1
1934	-0.474771	20.109037	0.121464	1.4
1935	-0.448572	20.103388	0.157391	2.1
1936	-0.379883	20.097743	0.020894	2.1
1937	-0.300460	20.092102	0.078142	1.7
1938	-0.392006	20.086466	0.032239	3.2
1939	-0.389624	20.080833	0.113095	1.9
1940	-0.325846	20.075205	0.099761	1.4
1941	-0.679989	20.069581	0.201691	1.7
1942	-0.238071	20.063962	0.063617	1.9
1943	-0.727062	20.058346	0.300372	2.3
1944	-0.146582	20.052735	0.018427	1.8
1945	-0.533737	20.047128	0.058928	1.4
1946	-0.284211	20.041525	0.044994	1.9
1947	-0.129595	20.035926	0.012217	1.9
1948	-0.275161	20.030332	0.050747	3.0
1949	-0.137933	20.024742	0.027801	1.4
1950	-0.221240	20.019155	0.041428	1.5
1951	-0.634983	20.013573	0.181177	2.1
1952	-0.588360	20.007995	0.094357	3.8
1953	-0.514271	20.002422	0.162877	3.5
1954	-0.963999	19.996852	0.225020	3.1
1955	-0.414577	19.991286	0.209071	4.9
1956	-0.664966	19.985725	0.193324	5.3
1957	-0.249194	19.980168	0.029203	5.2
1958	-0.432088	19.974615	0.189197	9.0
1959	-0.513819	19.969066	0.086664	2.3
1960	-0.476403	19.963521	0.147724	1.6
1961	-0.381412	19.957980	0.113971	1.4
1962	-0.456783	19.952443	0.254878	1.4
1963	-0.460854	19.946911	0.246143	1.4
1964	-0.228300	19.941382	0.062877	1.5
1965	-0.534209	19.935858	0.151440	1.4
1966	-0.406455	19.930337	0.175717	1.4
1967	-0.421230	19.924821	0.098018	1.6
1968	-0.426701	19.919309	0.144487	1.5
1969	-0.417422	19.913801	0.141847	1.4
1970	-0.936430	19.908297	0.314394	3.5
1971	-0.363959	19.902797	0.110624	1.4
1972	-0.106243	19.897301	0.076717	1.4
1973	-0.974551	19.891809	0.293521	1.3
1974	-0.365051	19.886321	0.033423	1.3
1975	-0.558425	19.880837	0.066951	1.4
1976	-0.376613	19.875357	0.133760	1.4
1977	-0.266765	19.869881	0.103385	1.4
1978	-0.836043	19.864409	0.123511	1.7
1979	-0.043039	19.858942	0.035871	1.8
1980	-0.501549	19.853478	0.228320	1.4
1981	-0.488366	19.848018	0.256339	1.5
1982	-0.557614	19.842562	0.217265	1.4
1983	-0.194858	19.837111	0.005646	1.3
1984	-0.470038	19.831663	0.112922	1.3
1985	-0.000248	19.826219	0.000036	1.3
1986	-0.261998	19.820779	0.109415	1.4
1987	-0.164352	19.815343	0.037401	1.5
1988	-0.239679	19.809912	0.039996	1.4
1989	-0.301382	19.804484	0.054419	2.5
1990	-0.422167	19.799060	0.155346	2.1
1991	-0.609484	19.793640	0.199830	1.9
1992	-0.542584	19.788224	0.141952	1.9
1993	-0.386286	19.782812	0.154884	1.8
1994	-0.718419	19.777404	0.334352	1.9
1995	-0.486321	19.772000	0.152561	1.9
1996	-0.581331	19.766599	0.104714	1.6
1997	-0.347323	19.761203	0.027996	1.3
1998	-0.332548	19.755811	0.034842	1.7
1999	-0.638925	19.750422	0.252019	1.7
