1:ItNr	2:Metric	3:StepSize	4:||Gradient||	Time[ms]
0	-1.143325	83.006550	0.059567	301.6
1	-0.805560	82.759751	0.142342	2.1
2	-0.974608	82.514899	0.146913	1.7
3	-1.071387	82.271970	0.181827	1.5
4	-0.714988	82.030938	0.136613	1.5
5	-0.527939	81.791781	0.036873	1.6
6	-0.702170	81.554474	0.099065	1.7
7	-0.497901	81.318994	0.075102	2.2
8	-0.465607	81.085318	0.023355	1.2
9	-0.841868	80.853424	0.079258	2.2
10	-1.049921	80.623291	0.163723	3.0
11	-0.443577	80.394896	0.086154	8.0
12	-0.523716	80.168219	0.026874	1.6
13	-1.071441	79.943237	0.104283	1.6
14	-1.134885	79.719932	0.119770	2.6
15	-0.724677	79.498282	0.087757	1.5
16	-1.199758	79.278268	0.082548	1.7
17	-1.359802	79.059871	0.195254	1.4
18	-0.660776	78.843070	0.064644	1.4
19	-0.894727	78.627848	0.045412	2.3
20	-1.525154	78.414185	0.068409	1.9
21	-0.832035	78.202063	0.167844	1.4
22	-0.295184	77.991465	0.052549	1.8
23	-0.367040	77.782372	0.033420	1.6
24	-1.036522	77.574768	0.123543	1.6
25	-0.355464	77.368635	0.080769	1.4
26	-0.704774	77.163955	0.106488	1.6
27	-1.303573	76.960714	0.117101	1.5
28	-0.194706	76.758894	0.055773	1.3
29	-0.036032	76.558479	0.001897	1.5
30	-0.734255	76.359453	0.146003	1.5
31	-1.239584	76.161801	0.105213	1.6
32	-0.791957	75.965507	0.239793	2.6
33	-0.002625	75.770557	0.003484	1.5
34	-1.002591	75.576936	0.060191	1.8
35	-0.208792	75.384628	0.037892	1.5
36	-0.898660	75.193619	0.079703	1.7
37	-0.511279	75.003896	0.106478	1.4
38	-0.651743	74.815444	0.081994	2.3
39	-0.499336	74.628249	0.069120	1.8
40	-1.013806	74.442298	0.088443	1.5
41	-0.843582	74.257577	0.167822	1.8
42	-0.491735	74.074074	0.046181	1.3
43	-0.557865	73.891775	0.067879	1.5
44	-0.240992	73.710668	0.055235	1.5
45	-1.249731	73.530739	0.233603	1.5
46	-0.672649	73.351977	0.084741	1.8
47	-0.994823	73.174369	0.116644	1.5
48	-0.000000	72.997904	0.000000	2.0
49	-0.165539	72.822568	0.023961	2.3
50	-0.236877	72.648351	0.033507	4.4
51	-0.465257	72.475242	0.068271	2.0
52	-0.207019	72.303227	0.034314	1.9
53	-0.961988	72.132298	0.102429	3.1
54	-0.798723	71.962441	0.123008	2.8
55	-0.702169	71.793647	0.062221	1.7
56	-0.537665	71.625905	0.037795	1.6
57	-0.963042	71.459204	0.090596	1.9
58	-0.985047	71.293533	0.089612	1.6
59	-0.887037	71.128883	0.103859	1.4
60	-0.839890	70.965243	0.060581	1.4
61	-1.584422	70.802602	0.122115	1.4
62	-1.479096	70.640953	0.085279	2.7
63	-0.696726	70.480283	0.114352	2.1
64	-0.399728	70.320584	0.089696	3.8
65	-0.000000	70.161847	0.000000	1.9
66	-1.070627	70.004062	0.186116	1.4
67	-0.252494	69.847219	0.034653	1.4
68	-0.709220	69.691310	0.106338	1.6
69	-0.537571	69.536325	0.158462	1.7
70	-0.868718	69.382257	0.154047	1.4
71	-0.878600	69.229095	0.115219	2.4
72	-0.620291	69.076831	0.064046	1.6
73	-1.204188	68.925458	0.050905	1.5
74	-0.837732	68.774965	0.047575	1.5
75	-0.520569	68.625346	0.124612	1.4
76	-0.596325	68.476591	0.050043	1.8
77	-1.049097	68.328694	0.102974	2.5
78	-1.434415	68.181645	0.107962	4.7
79	-1.382180	68.035437	0.365395	3.2
80	-0.429874	67.890062	0.029307	3.9
81	-0.040372	67.745512	0.006087	2.1
82	-1.096411	67.601780	0.096554	2.1
83	-0.416305	67.458859	0.038438	1.6
84	-0.671687	67.316741	0.070230	1.5
85	-0.624988	67.175418	0.112756	1.6
86	-0.441384	67.034883	0.036844	7.2
87	-1.315776	66.895130	0.057061	1.6
88	-0.321858	66.756151	0.056615	1.6
89	-0.000050	66.617940	0.000104	1.5
90	-0.249394	66.480489	0.029214	1.5
91	-0.652599	66.343791	0.020625	4.3
92	-1.475860	66.207841	0.094089	1.4
93	-0.598043	66.072631	0.020768	1.2
94	-0.950934	65.938154	0.096941	1.2
95	-0.214189	65.804405	0.011865	1.3
96	-0.319305	65.671378	0.039145	2.7
97	-0.904843	65.539064	0.145023	1.4
98	-0.540643	65.407460	0.054485	1.4
99	-1.250155	65.276557	0.080674	1.6
100	-0.299585	65.146352	0.045554	1.2
101	-0.727560	65.016836	0.075021	1.7
102	-0.499900	64.888005	0.155085	1.7
103	-0.793651	64.759852	0.076943	2.1
104	-0.605895	64.632372	0.064656	1.6
105	-0.585451	64.505558	0.097751	1.5
106	-0.377061	64.379407	0.129664	6.5
107	-1.244079	64.253911	0.420595	4.5
108	-0.286428	64.129065	0.021112	1.5
109	-0.741520	64.004864	0.046671	1.6
110	-0.201205	63.881302	0.021563	1.8
111	-0.461309	63.758375	0.083133	1.6
112	-0.522809	63.636076	0.038468	1.4
113	-0.250659	63.514401	0.013745	1.5
114	-0.520961	63.393344	0.040462	2.0
115	-0.632953	63.272901	0.063964	1.6
116	-0.121325	63.153066	0.015026	1.5
117	-0.151019	63.033834	0.042406	1.6
118	-0.973089	62.915201	0.129987	1.6
119	-0.897926	62.797161	0.042058	1.5
120	-0.058950	62.679710	0.014027	1.7
121	-0.210392	62.562843	0.035128	1.5
122	-0.248307	62.446555	0.028539	1.6
123	-0.578759	62.330841	0.073898	2.4
124	-0.666727	62.215698	0.071503	1.4
125	-0.148398	62.101120	0.021542	1.5
126	-0.362039	61.987104	0.020459	1.4
127	-0.334617	61.873643	0.024570	1.7
128	-0.352300	61.760735	0.020896	2.0
129	-0.760207	61.648375	0.058684	1.4
130	-0.575313	61.536558	0.062133	1.9
131	-0.425171	61.425280	0.026637	1.5
132	-0.359122	61.314537	0.079919	1.4
133	-0.931230	61.204325	0.070433	1.5
134	-1.191458	61.094640	0.210789	1.4
135	-0.242219	60.985478	0.056699	1.5
136	-0.251550	60.876834	0.052145	1.4
137	-0.764711	60.768704	0.037855	1.4
138	-0.603087	60.661085	0.150675	1.4
139	-0.574858	60.553973	0.124797	1.4
140	-0.607659	60.447364	0.062988	1.4
141	-0.514893	60.341254	0.076840	1.4
142	-0.616051	60.235639	0.079951	2.6
143	-0.810409	60.130516	0.149465	1.7
144	-0.506856	60.025880	0.127817	1.4
145	-0.000000	59.921729	0.000000	1.3
146	-1.185724	59.818058	0.151907	1.4
147	-0.714855	59.714864	0.066815	2.3
148	-0.230614	59.612144	0.054277	1.6
149	-0.827809	59.509893	0.099982	1.5
150	-1.048064	59.408109	0.273838	1.4
151	-0.788049	59.306787	0.136295	1.4
152	-0.833041	59.205925	0.124492	1.4
153	-0.322397	59.105519	0.042132	0.9
154	-0.612714	59.005566	0.127003	1.4
155	-0.664173	58.906063	0.081717	1.4
156	-0.987431	58.807006	0.179602	1.4
157	-0.669032	58.708391	0.077222	1.4
158	-0.710283	58.610217	0.083229	1.4
159	-0.422622	58.512479	0.130718	1.4
160	-1.285884	58.415174	0.082457	1.4
161	-0.338624	58.318300	0.092692	1.4
162	-1.134473	58.221853	0.068036	2.2
163	-0.433805	58.125830	0.013043	1.7
164	-1.660142	58.030228	0.153679	1.4
165	-1.118305	57.935044	0.143023	1.4
166	-0.407403	57.840276	0.100098	1.4
167	-1.145164	57.745920	0.075240	1.5
168	-0.492996	57.651973	0.053709	1.4
169	-1.009588	57.558433	0.293846	1.4
170	-0.245772	57.465296	0.034555	1.9
171	-0.255332	57.372560	0.048606	1.4
172	-1.358691	57.280223	0.258556	1.3
173	-0.190153	57.188280	0.017736	1.4
174	-0.260334	57.096730	0.044093	1.5
175	-0.300312	57.005569	0.043460	1.4
176	-0.000062	56.914796	0.000104	1.5
177	-0.200542	56.824407	0.007261	1.4
178	-0.109320	56.734400	0.012794	1.4
179	-0.457559	56.644773	0.046892	1.4
180	-0.351461	56.555521	0.073045	1.4
181	-0.250910	56.466644	0.046095	1.4
182	-1.109390	56.378138	0.044495	1.6
183	-0.857987	56.290002	0.092970	2.5
184	-0.763571	56.202231	0.146157	1.4
185	-1.315546	56.114825	0.120462	1.4
186	-0.071710	56.027780	0.023165	1.4
187	-0.522108	55.941095	0.130565	1.4
188	-0.787691	55.854766	0.117369	1.4
189	-0.965357	55.768791	0.131522	1.4
190	-0.968524	55.683169	0.123980	1.4
191	-0.944054	55.597896	0.163468	1.5
192	-0.768418	55.512970	0.074891	1.8
193	-0.449318	55.428390	0.106665	2.3
194	-0.848301	55.344152	0.157036	1.6
195	-0.744581	55.260255	0.162050	1.8
196	-1.162590	55.176696	0.177770	2.0
197	-0.628922	55.093473	0.065145	2.4
198	-0.088934	55.010584	0.003943	1.9
199	-0.839525	54.928027	0.142435	2.5
200	-0.555854	54.845800	0.041909	6.9
201	-0.849188	54.763899	0.043680	3.3
202	-1.512764	54.682325	0.049468	3.6
203	-0.041744	54.601073	0.017417	5.2
204	-1.171893	54.520142	0.282404	3.0
205	-0.943440	54.439531	0.062311	2.2
206	-0.814713	54.359237	0.093124	3.4
207	-0.655104	54.279257	0.082616	2.0
208	-0.005914	54.199591	0.004108	4.6
209	-0.658226	54.120236	0.072553	2.5
210	-1.125246	54.041190	0.058069	2.1
211	-0.610846	53.962451	0.216112	1.8
212	-0.701893	53.884017	0.080139	1.6
213	-0.621760	53.805886	0.036284	2.0
214	-0.029187	53.728057	0.008273	2.0
215	-0.420500	53.650528	0.090805	3.6
216	-1.326591	53.573296	0.121389	4.9
217	-0.263510	53.496359	0.064711	1.5
218	-0.309545	53.419717	0.071622	1.4
219	-0.655868	53.343367	0.111107	1.5
220	-1.329178	53.267307	0.214481	2.9
221	-0.236858	53.191535	0.060721	2.4
222	-0.624131	53.116051	0.091674	1.6
223	-0.804914	53.040851	0.181735	1.4
224	-0.963100	52.965934	0.220656	1.5
225	-0.055866	52.891299	0.024987	1.2
226	-0.910253	52.816944	0.051267	1.3
227	-0.564810	52.742867	0.188016	1.4
228	-0.311066	52.669066	0.061044	1.8
229	-0.274746	52.595540	0.040783	1.8
230	-0.462150	52.522288	0.097934	2.0
231	-1.333443	52.449306	0.114062	2.0
232	-1.268448	52.376595	0.160478	2.0
233	-0.887568	52.304151	0.148785	1.6
234	-0.079298	52.231974	0.024348	1.9
235	-1.410296	52.160062	0.100242	1.4
236	-1.082669	52.088414	0.122492	1.4
237	-0.468866	52.017027	0.097991	3.2
238	-0.699461	51.945901	0.083530	2.1
239	-1.421751	51.875033	0.268974	1.9
240	-0.895340	51.804423	0.064661	2.1
241	-1.014379	51.734069	0.095575	1.7
242	-1.259657	51.663968	0.260053	1.4
243	-0.774566	51.594120	0.082078	1.9
244	-0.485700	51.524524	0.106714	1.5
245	-1.069039	51.455177	0.204191	1.6
246	-1.011406	51.386079	0.116193	1.6
247	-0.235232	51.317228	0.051555	1.6
248	-0.242161	51.248622	0.030101	1.5
249	-0.280643	51.180260	0.031718	1.7
250	-0.579341	51.112141	0.063942	1.7
251	-0.811815	51.044263	0.008927	1.6
252	-1.360894	50.976624	0.175714	1.6
253	-0.656952	50.909225	0.107621	1.5
254	-0.625021	50.842062	0.075939	1.7
255	-0.654721	50.775135	0.083597	2.7
256	-0.921103	50.708443	0.238803	3.1
257	-1.109163	50.641984	0.087015	1.8
258	-1.249085	50.575756	0.261787	2.3
259	-0.335823	50.509759	0.014844	1.4
260	-0.000000	50.443991	0.000000	1.6
261	-0.205264	50.378451	0.056897	1.4
262	-0.334687	50.313138	0.038597	1.6
263	-1.329636	50.248049	0.160397	1.9
264	-0.473026	50.183185	0.066079	1.4
265	-1.061163	50.118544	0.055372	1.4
266	-0.849292	50.054124	0.094166	1.4
267	-0.776555	49.989925	0.081176	1.4
268	-1.094053	49.925945	0.113528	1.4
269	-0.969001	49.862182	0.190157	1.7
270	-0.196421	49.798636	0.057171	1.4
271	-0.242356	49.735306	0.069286	1.4
272	-1.061589	49.672190	0.138859	2.2
273	-0.784444	49.609288	0.168230	1.8
274	-1.320821	49.546597	0.213538	2.4
275	-1.536852	49.484117	0.125954	1.6
276	-0.258454	49.421847	0.030658	1.4
277	-0.882747	49.359785	0.107404	1.4
278	-0.560897	49.297930	0.132197	2.9
279	-0.237310	49.236282	0.011625	2.1
280	-0.789322	49.174839	0.183377	1.6
281	-0.909498	49.113600	0.053737	1.7
282	-0.881110	49.052564	0.125485	1.6
283	-0.499523	48.991730	0.118746	1.9
284	-1.340304	48.931097	0.288713	1.5
285	-0.546031	48.870663	0.027251	1.5
286	-0.551994	48.810428	0.043377	1.5
287	-0.000612	48.750391	0.001061	1.5
288	-0.448529	48.690550	0.073764	1.5
289	-1.275084	48.630905	0.102116	2.4
290	-0.484249	48.571454	0.069093	5.8
291	-1.115499	48.512196	0.136516	3.6
292	-0.519449	48.453131	0.028511	3.4
293	-0.695743	48.394257	0.149326	2.5
294	-0.526506	48.335574	0.074442	2.1
295	-1.390097	48.277079	0.310980	4.0
296	-0.703481	48.218774	0.148806	2.6
297	-0.457958	48.160656	0.020362	2.1
298	-1.013771	48.102724	0.167779	2.0
299	-0.479877	48.044977	0.028130	3.3
300	-1.207620	47.987415	0.132076	12.9
301	-0.696691	47.930037	0.081297	1.7
302	-0.939660	47.872841	0.181813	1.4
303	-0.892798	47.815827	0.101253	1.4
304	-0.470655	47.758994	0.080379	1.2
305	-0.661616	47.702340	0.172114	1.1
306	-0.517881	47.645865	0.072966	1.4
307	-0.665440	47.589569	0.123337	1.3
308	-0.635685	47.533449	0.061023	1.1
309	-0.799952	47.477505	0.122972	1.2
310	-0.553724	47.421737	0.045146	1.4
311	-0.658526	47.366143	0.119167	1.5
312	-0.670452	47.310722	0.085304	2.1
313	-0.124238	47.255474	0.001897	1.4
314	-0.422288	47.200398	0.047244	1.4
315	-0.959289	47.145492	0.088228	1.4
316	-0.938225	47.090757	0.213361	1.5
317	-1.095643	47.036190	0.168840	1.4
318	-0.556945	46.981792	0.122150	1.4
319	-0.557526	46.927562	0.093766	1.4
320	-1.288234	46.873498	0.066570	1.4
321	-0.852108	46.819599	0.151325	1.3
322	-0.818301	46.765866	0.146778	1.4
323	-0.176141	46.712297	0.048217	1.4
324	-0.581314	46.658891	0.116205	2.0
325	-0.474701	46.605648	0.137025	1.4
326	-0.806313	46.552566	0.122408	1.4
327	-0.515015	46.499646	0.077300	1.4
328	-0.124228	46.446885	0.028896	1.4
329	-0.646949	46.394284	0.198624	1.4
330	-0.662727	46.341841	0.097930	1.4
331	-1.137881	46.289556	0.137767	1.4
332	-0.423880	46.237428	0.123554	2.7
333	-1.151956	46.185457	0.188765	1.5
334	-0.000000	46.133640	0.000000	2.4
335	-0.448526	46.081979	0.126393	1.4
336	-1.530403	46.030472	0.179349	1.4
337	-0.726435	45.979117	0.104472	1.3
338	-1.167659	45.927916	0.120390	1.4
339	-0.725056	45.876866	0.255711	1.5
340	-1.121404	45.825967	0.185335	1.4
341	-0.703298	45.775218	0.095291	1.4
342	-0.275548	45.724619	0.028043	1.3
343	-0.483367	45.674169	0.065325	1.4
344	-0.569948	45.623867	0.074649	1.4
345	-1.112294	45.573713	0.228315	1.4
346	-1.400893	45.523705	0.161227	1.5
347	-1.105124	45.473843	0.241979	3.0
348	-0.808845	45.424127	0.131413	8.7
349	-0.184944	45.374555	0.011840	2.9
350	-0.773673	45.325128	0.065106	1.7
351	-0.496529	45.275843	0.105742	1.5
352	-0.354701	45.226702	0.071801	1.4
353	-0.737970	45.177702	0.145608	1.4
354	-0.720699	45.128844	0.140350	1.5
355	-0.060302	45.080126	0.001650	1.6
356	-0.267908	45.031548	0.043518	1.5
357	-1.076849	44.983110	0.108089	1.6
358	-1.003992	44.934810	0.157485	1.4
359	-0.430922	44.886648	0.038576	1.8
360	-0.909417	44.838624	0.181639	1.4
361	-0.694771	44.790737	0.106010	1.4
362	-0.460286	44.742985	0.044822	1.8
363	-1.222616	44.695370	0.175580	1.4
364	-1.039074	44.647889	0.139569	1.4
365	-0.435791	44.600542	0.040511	2.6
366	-1.182470	44.553329	0.096887	1.6
367	-1.426032	44.506249	0.222853	1.4
368	-1.220115	44.459302	0.109682	1.3
369	-0.420349	44.412486	0.102630	1.5
370	-0.793942	44.365801	0.124662	1.7
371	-1.266830	44.319248	0.216723	1.8
372	-0.559420	44.272824	0.094751	5.2
373	-0.563761	44.226529	0.069130	1.9
374	-0.301636	44.180364	0.068657	1.8
375	-0.998899	44.134327	0.220085	1.8
376	-1.402288	44.088417	0.099290	1.3
377	-1.323963	44.042635	0.223232	2.9
378	-0.776637	43.996979	0.166306	1.3
379	-0.733008	43.951449	0.056026	1.3
380	-0.569399	43.906045	0.115072	3.9
381	-0.514563	43.860765	0.101980	2.0
382	-1.367944	43.815610	0.094426	1.5
383	-0.929213	43.770579	0.132899	1.6
384	-1.310469	43.725670	0.295124	1.9
385	-0.601418	43.680885	0.060191	2.1
386	-0.889000	43.636221	0.167306	1.4
387	-0.857524	43.591679	0.057662	1.6
388	-0.860113	43.547258	0.103512	1.4
389	-0.771004	43.502958	0.053841	1.4
390	-0.833828	43.458778	0.098468	1.4
391	-0.551956	43.414717	0.091741	1.4
392	-1.256304	43.370775	0.233547	1.8
393	-0.838825	43.326951	0.056235	1.4
394	-0.652128	43.283245	0.105655	1.4
395	-0.828087	43.239657	0.088768	1.4
396	-1.873773	43.196185	0.070156	1.4
397	-1.271200	43.152830	0.202605	1.4
398	-1.391805	43.109591	0.150240	1.9
399	-0.808981	43.066467	0.109524	2.2
400	-0.554611	43.023458	0.060944	1.4
401	-0.915417	42.980563	0.138678	1.4
402	-0.493663	42.937782	0.116867	1.3
403	-1.164414	42.895115	0.173387	1.3
404	-1.082899	42.852560	0.151051	1.4
405	-0.358429	42.810118	0.095920	2.1
406	-0.893167	42.767787	0.154971	3.0
407	-1.062538	42.725568	0.181769	2.0
408	-1.094293	42.683460	0.101575	1.9
409	-1.336347	42.641463	0.153215	2.0
410	-0.926269	42.599575	0.153416	3.7
411	-0.000000	42.557797	0.000000	3.5
412	-0.457533	42.516128	0.082901	3.6
413	-1.159410	42.474568	0.123901	3.7
414	-1.171985	42.433116	0.337692	6.6
415	-1.108360	42.391772	0.160938	1.6
416	-0.390363	42.350535	0.016762	1.7
417	-0.463136	42.309404	0.076692	1.7
418	-1.134617	42.268380	0.148489	11.7
419	-0.621573	42.227462	0.104701	1.5
420	-0.528101	42.186650	0.081444	1.9
421	-0.901832	42.145942	0.165712	1.8
422	-0.868240	42.105339	0.087846	1.8
423	-0.912104	42.064840	0.145230	1.7
424	-1.298466	42.024445	0.101599	1.2
425	-0.702261	41.984153	0.242288	1.2
426	-0.522466	41.943964	0.093139	1.6
427	-0.874873	41.903877	0.073172	1.6
428	-1.305758	41.863893	0.218702	1.8
429	-1.475031	41.824010	0.180930	3.0
430	-1.029078	41.784228	0.074099	1.8
431	-0.515265	41.744547	0.088015	3.9
432	-1.084160	41.704966	0.260834	1.1
433	-1.014250	41.665485	0.067488	1.4
434	-0.614236	41.626104	0.082540	1.4
435	-0.193952	41.586821	0.025984	1.4
436	-0.870052	41.547638	0.118841	1.5
437	-0.844352	41.508552	0.086080	2.6
438	-0.770449	41.469565	0.131297	1.7
439	-1.400994	41.430675	0.214256	1.8
440	-0.508574	41.391882	0.036050	1.8
441	-0.812780	41.353186	0.160417	1.9
442	-0.406109	41.314587	0.064406	1.9
443	-1.285151	41.276083	0.275674	1.7
444	-0.620871	41.237675	0.070311	1.6
445	-0.812242	41.199361	0.067734	1.5
446	-0.419530	41.161143	0.106286	1.5
447	-1.035558	41.123019	0.128706	1.7
448	-1.508348	41.084989	0.132427	1.7
449	-0.865505	41.047053	0.100986	1.4
450	-0.032219	41.009210	0.013784	1.4
451	-1.160389	40.971460	0.451552	1.4
452	-1.079468	40.933802	0.068516	1.8
453	-0.281376	40.896237	0.014014	1.4
454	-1.316599	40.858763	0.090118	2.1
455	-0.288879	40.821381	0.024644	1.9
456	-0.347145	40.784090	0.022834	1.4
457	-1.125975	40.746889	0.040922	1.7
458	-0.345832	40.709779	0.042947	1.6
459	-1.173748	40.672759	0.152594	1.5
460	-0.768800	40.635829	0.092618	1.4
461	-0.224184	40.598987	0.059947	1.2
462	-0.313356	40.562235	0.057050	1.4
463	-0.853124	40.525571	0.097684	1.4
464	-0.964656	40.488996	0.112475	1.4
465	-1.391467	40.452509	0.164847	1.5
466	-0.983210	40.416109	0.049314	1.5
467	-0.931026	40.379796	0.172679	1.4
468	-1.350497	40.343570	0.114050	1.5
469	-0.699034	40.307431	0.138306	1.5
470	-1.718060	40.271377	0.144544	1.5
471	-0.981802	40.235410	0.136818	1.5
472	-1.002935	40.199528	0.102350	1.5
473	-1.366395	40.163732	0.208315	1.6
474	-0.256852	40.128020	0.075651	2.2
475	-0.462127	40.092393	0.089911	1.5
476	-0.695074	40.056850	0.145517	1.4
477	-1.215093	40.021391	0.311728	1.4
478	-0.255413	39.986016	0.087722	1.4
479	-1.224553	39.950723	0.062386	1.8
480	-0.554974	39.915514	0.097452	1.5
481	-0.575837	39.880388	0.135719	1.4
482	-0.685987	39.845343	0.079861	1.4
483	-1.146084	39.810381	0.278428	1.4
484	-0.494403	39.775500	0.101088	1.4
485	-0.838814	39.740701	0.110962	1.4
486	-0.482664	39.705983	0.061297	1.4
487	-0.585566	39.671346	0.106076	1.4
488	-1.086621	39.636789	0.071263	1.4
489	-0.842258	39.602312	0.118091	1.4
490	-0.659167	39.567915	0.185201	1.4
491	-1.528252	39.533598	0.168718	1.4
492	-0.870642	39.499360	0.127588	1.4
493	-1.112948	39.465200	0.258575	1.4
494	-1.030060	39.431120	0.226424	3.1
495	-0.802367	39.397118	0.048069	1.3
496	-0.213729	39.363194	0.045771	1.4
497	-0.858433	39.329348	0.053425	1.4
498	-0.398797	39.295579	0.045071	1.4
499	-0.932562	39.261887	0.096393	1.4
500	-0.780673	39.228273	0.107232	1.7
501	-0.521840	39.194735	0.092851	1.6
502	-1.868776	39.161273	0.096501	1.4
503	-1.208090	39.127887	0.166062	1.4
504	-1.442028	39.094578	0.391867	1.4
505	-0.117636	39.061343	0.010699	1.5
506	-0.632972	39.028184	0.093114	1.3
507	-0.227339	38.995100	0.018326	1.5
508	-1.195904	38.962091	0.112545	1.4
509	-0.678746	38.929156	0.042667	1.3
510	-0.068168	38.896295	0.003385	1.3
511	-1.200889	38.863508	0.093717	1.4
512	-0.809172	38.830795	0.048256	1.4
513	-0.640179	38.798155	0.086477	1.4
514	-0.374004	38.765588	0.053367	3.4
515	-0.221003	38.733093	0.032448	1.5
516	-1.045748	38.700672	0.119009	1.6
517	-1.112445	38.668322	0.107721	1.5
518	-0.347351	38.636045	0.024165	2.0
519	-0.799455	38.603839	0.173462	2.2
520	-1.283394	38.571705	0.211936	4.0
521	-0.967925	38.539642	0.115541	1.5
522	-0.837210	38.507650	0.101537	3.7
523	-0.625131	38.475729	0.133957	2.1
524	-0.781170	38.443878	0.261125	1.5
525	-0.601873	38.412098	0.084646	1.7
526	-0.968648	38.380387	0.187299	1.8
527	-1.173096	38.348746	0.157303	6.1
528	-0.000000	38.317175	0.000000	1.7
529	-0.716994	38.285672	0.130813	2.6
530	-1.155947	38.254239	0.206729	2.1
531	-0.740569	38.222875	0.126206	2.2
532	-0.795113	38.191579	0.181661	3.0
533	-0.565540	38.160351	0.098466	3.5
534	-0.476748	38.129191	0.130010	3.7
535	-1.322168	38.098099	0.063907	3.5
536	-0.729950	38.067075	0.083367	4.9
537	-0.217916	38.036117	0.053869	1.2
538	-1.100141	38.005227	0.140122	1.3
539	-1.140665	37.974404	0.139239	2.6
540	-1.767150	37.943647	0.135108	3.1
541	-1.321539	37.912956	0.124240	2.1
542	-1.479234	37.882332	0.170189	2.2
543	-0.579273	37.851774	0.029773	1.3
544	-0.321995	37.821281	0.066582	3.2
545	-1.454647	37.790853	0.168038	2.3
546	-0.615525	37.760491	0.081294	2.7
547	-0.685835	37.730194	0.110362	1.4
548	-1.301205	37.699961	0.274600	5.9
549	-0.588085	37.669793	0.088905	2.0
550	-0.962113	37.639690	0.088329	1.5
551	-0.341831	37.609650	0.096390	2.3
552	-0.742986	37.579674	0.188231	2.1
553	-1.539221	37.549762	0.173418	2.8
554	-0.902970	37.519913	0.272922	3.1
555	-0.460999	37.490128	0.072244	2.3
556	-0.417737	37.460405	0.018513	1.4
557	-0.721493	37.430745	0.114339	1.4
558	-0.806220	37.401148	0.088234	1.3
559	-1.200931	37.371613	0.250219	1.5
560	-1.176266	37.342140	0.304677	1.4
561	-0.855808	37.312729	0.092753	1.5
562	-0.939523	37.283380	0.184842	1.4
563	-0.682310	37.254092	0.127409	1.6
564	-0.643356	37.224865	0.098999	2.2
565	-0.890234	37.195700	0.062293	1.9
566	-0.933188	37.166595	0.154009	2.4
567	-0.608068	37.137551	0.127870	1.5
568	-0.931759	37.108568	0.108404	1.7
569	-1.541375	37.079644	0.131595	1.8
570	-0.809030	37.050781	0.138591	1.7
571	-1.448082	37.021978	0.204121	1.7
572	-0.831949	36.993234	0.123718	1.5
573	-1.175307	36.964550	0.305953	1.4
574	-1.237190	36.935925	0.086528	1.3
575	-0.412419	36.907358	0.071406	1.4
576	-1.246508	36.878851	0.218083	1.5
577	-1.024550	36.850403	0.105501	1.4
578	-0.609665	36.822012	0.087800	1.4
579	-0.511640	36.793681	0.064734	1.4
580	-1.003104	36.765407	0.115053	2.4
581	-0.989921	36.737191	0.111450	1.9
582	-0.745972	36.709033	0.162335	1.3
583	-1.541333	36.680932	0.089496	1.8
584	-1.556894	36.652888	0.109911	2.2
585	-0.576880	36.624902	0.056917	2.0
586	-0.928619	36.596972	0.080894	1.5
587	-1.143018	36.569099	0.119103	1.5
588	-0.638925	36.541283	0.090852	1.2
589	-1.178030	36.513523	0.251736	1.4
590	-0.521383	36.485820	0.061381	1.7
591	-0.837573	36.458172	0.178829	1.4
592	-0.649705	36.430580	0.092294	1.3
593	-0.867895	36.403043	0.162438	1.6
594	-0.887468	36.375563	0.108801	1.5
595	-1.124265	36.348137	0.063078	1.4
596	-0.547354	36.320766	0.040109	1.4
597	-0.602085	36.293451	0.165162	1.7
598	-0.743106	36.266190	0.126924	1.4
599	-1.561430	36.238983	0.267083	1.6
600	-1.211479	36.211831	0.267889	2.2
601	-0.204499	36.184733	0.017850	1.5
602	-0.800073	36.157689	0.058882	1.4
603	-1.247511	36.130699	0.178728	1.7
604	-1.607521	36.103763	0.106856	1.4
605	-0.604777	36.076880	0.130676	1.7
606	-0.461498	36.050050	0.099903	2.1
607	-0.451937	36.023274	0.039524	2.6
608	-0.716196	35.996550	0.156274	1.5
609	-0.668407	35.969880	0.059357	1.5
610	-1.322311	35.943262	0.227733	1.5
611	-1.473177	35.916696	0.159398	1.8
612	-0.665284	35.890183	0.067275	1.4
613	-0.952422	35.863721	0.088489	1.5
614	-0.585790	35.837312	0.192923	2.2
615	-0.478169	35.810955	0.116722	2.1
616	-0.657451	35.784649	0.161161	2.6
617	-1.000618	35.758395	0.129930	2.9
618	-0.858480	35.732192	0.136455	2.0
619	-1.387559	35.706040	0.125992	1.8
620	-1.191544	35.679939	0.210029	1.5
621	-0.952038	35.653889	0.140649	1.5
622	-1.046611	35.627889	0.264754	1.5
623	-0.323931	35.601940	0.047388	1.8
624	-1.123420	35.576042	0.219569	1.7
625	-0.785985	35.550193	0.161515	1.5
626	-0.441627	35.524395	0.067653	1.5
627	-0.623557	35.498646	0.030571	1.4
628	-0.949643	35.472948	0.202570	1.4
629	-0.670398	35.447298	0.206957	1.6
630	-0.746061	35.421698	0.130353	1.5
631	-0.595899	35.396148	0.189929	1.6
632	-0.719239	35.370646	0.169897	1.5
633	-0.972358	35.345194	0.174967	1.5
634	-0.514984	35.319790	0.095411	2.6
635	-1.126699	35.294435	0.289002	1.6
636	-0.557151	35.269128	0.089714	1.6
637	-1.305427	35.243870	0.230874	1.5
638	-0.484016	35.218659	0.096335	1.4
639	-1.298685	35.193497	0.123723	1.5
640	-0.960267	35.168383	0.071235	1.4
641	-0.342729	35.143316	0.102478	1.4
642	-0.483338	35.118297	0.029718	1.4
643	-1.112633	35.093326	0.207672	1.5
644	-1.084136	35.068402	0.107479	1.9
645	-1.624354	35.043524	0.203779	1.5
646	-0.081077	35.018694	0.024689	1.5
647	-1.156115	34.993911	0.219731	1.5
648	-0.980936	34.969175	0.129593	1.5
649	-0.298983	34.944485	0.036984	1.4
650	-0.459646	34.919841	0.164757	1.4
651	-0.638160	34.895244	0.125843	1.4
652	-0.622365	34.870693	0.104848	1.4
653	-1.390273	34.846188	0.310786	13.8
654	-1.173787	34.821729	0.150874	7.8
655	-0.983680	34.797315	0.242631	1.7
656	-0.778619	34.772947	0.140810	1.6
657	-0.484674	34.748625	0.110299	1.6
658	-0.540915	34.724348	0.028107	1.6
659	-1.152139	34.700116	0.210102	1.6
660	-0.962842	34.675929	0.146556	2.4
661	-0.839190	34.651787	0.042390	2.7
662	-1.006910	34.627690	0.204123	2.1
663	-0.213939	34.603637	0.063676	2.1
664	-0.872346	34.579629	0.120463	3.1
665	-0.731669	34.555665	0.171894	2.4
666	-0.602661	34.531746	0.194247	6.4
667	-0.619757	34.507871	0.092455	1.2
668	-1.232679	34.484039	0.106557	2.0
669	-1.394034	34.460252	0.315374	2.4
670	-0.610974	34.436508	0.155236	1.6
671	-1.286239	34.412807	0.058355	1.6
672	-1.581292	34.389151	0.080954	1.4
673	-0.613091	34.365537	0.018099	1.2
674	-0.897515	34.341967	0.181678	1.8
675	-0.271800	34.318440	0.053174	2.0
676	-0.550746	34.294955	0.095778	1.4
677	-1.460303	34.271514	0.174875	2.4
678	-0.928215	34.248115	0.064890	2.3
679	-1.156032	34.224759	0.112287	2.3
680	-1.420529	34.201445	0.443562	1.9
681	-0.719551	34.178173	0.106162	1.9
682	-0.930968	34.154944	0.092834	1.8
683	-0.533427	34.131756	0.052398	2.1
684	-0.581803	34.108611	0.062743	1.9
685	-0.919989	34.085507	0.048694	2.7
686	-1.200858	34.062445	0.111927	2.4
687	-0.008324	34.039425	0.003197	2.6
688	-0.236734	34.016446	0.046704	1.9
689	-0.841041	33.993509	0.076350	1.9
690	-1.561129	33.970612	0.092300	2.2
691	-0.947873	33.947757	0.062789	2.6
692	-1.597927	33.924943	0.137786	1.4
693	-0.784706	33.902169	0.151267	1.4
694	-1.338592	33.879436	0.140705	1.4
695	-0.927790	33.856744	0.113983	1.6
696	-0.686225	33.834092	0.049670	2.1
697	-0.627062	33.811481	0.161658	2.4
698	-1.260671	33.788910	0.102308	2.0
699	-1.466214	33.766379	0.162912	1.5
700	-0.915907	33.743888	0.228402	2.4
701	-0.911260	33.721437	0.114085	1.6
702	-0.716093	33.699026	0.079774	1.5
703	-0.762794	33.676654	0.155244	1.4
704	-1.368482	33.654322	0.306456	1.4
705	-0.620682	33.632030	0.086974	1.4
706	-0.992046	33.609776	0.069010	1.8
707	-1.253827	33.587562	0.073986	2.5
708	-1.507927	33.565388	0.178873	2.5
709	-0.482424	33.543252	0.100339	1.9
710	-0.773380	33.521155	0.149478	1.9
711	-1.561167	33.499096	0.181248	1.9
712	-0.715139	33.477077	0.169767	1.9
713	-0.961310	33.455096	0.199746	2.0
714	-0.367432	33.433153	0.076613	2.0
715	-0.862733	33.411249	0.162598	2.1
716	-0.409273	33.389383	0.079753	3.3
717	-0.014619	33.367555	0.006968	1.6
718	-1.227316	33.345765	0.207977	1.5
719	-1.294417	33.324013	0.142229	1.3
720	-0.579497	33.302299	0.085538	1.4
721	-0.889821	33.280623	0.275448	1.9
722	-0.539557	33.258984	0.057051	1.4
723	-1.547074	33.237382	0.114860	1.7
724	-1.271009	33.215818	0.056199	1.9
725	-0.259483	33.194292	0.078285	1.6
726	-0.134928	33.172802	0.027875	1.4
727	-0.306847	33.151349	0.074577	1.7
728	-1.551787	33.129934	0.141377	1.7
729	-0.897521	33.108555	0.100989	1.4
730	-1.722317	33.087213	0.166869	1.9
731	-1.385572	33.065908	0.299005	1.6
732	-0.334203	33.044639	0.089068	1.4
733	-0.892127	33.023406	0.167770	3.4
734	-1.108983	33.002210	0.400011	1.7
735	-1.279917	32.981051	0.078655	4.7
736	-0.065653	32.959927	0.008121	2.0
737	-0.206448	32.938839	0.048038	2.0
738	-0.986163	32.917788	0.076409	3.3
739	-0.951044	32.896772	0.128058	2.2
740	-1.024223	32.875792	0.145515	3.0
741	-0.831035	32.854847	0.144283	3.5
742	-0.628167	32.833938	0.073693	3.5
743	-1.415202	32.813065	0.176744	10.9
744	-0.751452	32.792227	0.081575	9.2
745	-0.320838	32.771424	0.076569	1.8
746	-1.051407	32.750656	0.116414	1.8
747	-0.882932	32.729924	0.288939	1.6
748	-0.910041	32.709226	0.205983	1.7
749	-0.327783	32.688563	0.043131	1.6
750	-0.498307	32.667935	0.130052	1.5
751	-0.576481	32.647342	0.119615	1.2
752	-1.441405	32.626783	0.189389	1.5
753	-0.796274	32.606259	0.063316	1.7
754	0.000000	32.585769	0.000000	2.1
755	-0.777683	32.565313	0.158972	3.0
756	-0.779727	32.544892	0.101822	2.1
757	-1.483948	32.524505	0.184580	1.4
758	-0.844077	32.504151	0.168503	2.7
759	-1.194609	32.483832	0.179845	1.4
760	-0.989682	32.463547	0.154969	1.3
761	-1.138019	32.443295	0.146445	5.3
762	-0.780785	32.423077	0.179679	1.4
763	-1.001293	32.402892	0.150271	1.4
764	-1.122336	32.382741	0.249582	1.5
765	-0.926826	32.362623	0.165137	1.4
766	-0.996744	32.342539	0.216985	1.6
767	-0.693129	32.322488	0.100965	2.2
768	-0.144127	32.302470	0.027093	1.4
769	-0.760018	32.282485	0.153167	1.9
770	-1.417213	32.262533	0.157452	1.9
771	-1.050236	32.242613	0.122008	1.9
772	-1.402686	32.222727	0.145433	1.5
773	-0.722774	32.202873	0.150251	1.4
774	-1.495267	32.183052	0.199517	1.4
775	-1.353387	32.163263	0.279166	1.6
776	-0.463538	32.143507	0.125928	1.5
777	-0.433120	32.123783	0.083286	1.4
778	-1.047058	32.104091	0.075815	1.9
779	-0.065569	32.084432	0.025699	2.1
780	-0.566297	32.064804	0.122274	1.8
781	-1.578809	32.045209	0.104679	1.7
782	-0.905162	32.025645	0.178158	1.8
783	-0.881532	32.006113	0.173675	1.6
784	-0.215062	31.986613	0.001993	1.9
785	-1.032243	31.967145	0.190287	2.7
786	-0.976256	31.947708	0.334178	2.7
787	-1.580837	31.928302	0.148044	3.6
788	-0.410505	31.908928	0.108209	1.7
789	-0.419754	31.889586	0.096864	1.5
790	-1.272186	31.870274	0.266595	1.4
791	-0.515092	31.850994	0.133715	1.5
792	-0.632328	31.831745	0.137223	1.4
793	-1.091472	31.812527	0.154669	1.4
794	-1.203162	31.793339	0.114943	1.4
795	-1.546907	31.774183	0.301138	1.4
796	-1.353554	31.755057	0.293730	1.4
797	-0.997044	31.735962	0.103651	1.4
798	-0.602495	31.716898	0.100824	1.4
799	-0.802042	31.697864	0.112929	1.4
800	-0.730226	31.678860	0.226846	1.4
801	-0.908975	31.659887	0.179562	1.4
802	-0.992293	31.640944	0.113404	2.6
803	-0.732707	31.622032	0.125249	1.9
804	-1.236169	31.603149	0.373677	1.6
805	-0.666931	31.584296	0.076195	1.4
806	-0.681408	31.565474	0.060798	1.4
807	-0.437611	31.546681	0.087119	1.2
808	-1.533392	31.527918	0.096758	1.4
809	-0.772319	31.509185	0.261383	1.7
810	-0.658502	31.490482	0.091906	2.0
811	-1.222798	31.471808	0.125682	1.6
812	-1.148039	31.453163	0.190720	1.4
813	-0.187929	31.434548	0.034789	1.4
814	-0.404425	31.415963	0.035483	1.4
815	-1.269402	31.397406	0.429537	1.4
816	-0.436172	31.378879	0.082944	1.4
817	-0.523327	31.360381	0.082093	1.3
818	-1.014892	31.341912	0.196765	1.4
819	-0.561191	31.323472	0.013271	1.4
820	-0.050998	31.305061	0.024331	1.0
821	-0.897284	31.286678	0.135861	1.4
822	-0.893968	31.268325	0.164263	2.4
823	-0.431635	31.250000	0.063796	1.6
824	-0.439093	31.231704	0.083411	1.5
825	-0.219371	31.213436	0.032728	1.4
826	-1.169960	31.195197	0.130508	1.3
827	-1.171455	31.176986	0.093117	1.5
828	-0.618612	31.158803	0.038083	1.5
829	-0.929171	31.140649	0.136960	1.4
830	-0.767257	31.122523	0.093958	1.3
831	-1.630500	31.104425	0.095686	2.5
832	-1.008287	31.086355	0.215436	1.4
833	-1.066193	31.068313	0.292043	1.9
834	-0.437979	31.050299	0.115585	1.4
835	-1.218936	31.032313	0.335962	1.4
836	-0.612724	31.014354	0.054114	1.4
837	-0.766922	30.996423	0.099529	3.0
838	-1.307370	30.978520	0.268862	2.4
839	-0.294414	30.960644	0.026905	2.7
840	-1.046962	30.942796	0.068709	2.4
841	-0.727271	30.924976	0.096363	1.9
842	-0.514905	30.907182	0.160425	1.9
843	-1.032373	30.889416	0.123589	1.9
844	-0.668990	30.871677	0.110701	1.7
845	-0.830695	30.853965	0.111280	4.4
846	-0.631226	30.836280	0.128438	3.6
847	-0.878667	30.818623	0.220342	2.3
848	-0.804430	30.800992	0.179467	1.4
849	-1.064208	30.783388	0.232166	3.0
850	-0.553342	30.765811	0.057449	8.2
851	-1.281699	30.748261	0.258006	3.6
852	-1.199898	30.730737	0.141066	3.7
853	-0.176363	30.713240	0.020788	6.0
854	-1.060091	30.695769	0.114738	2.0
855	-0.100355	30.678325	0.002284	1.9
856	-0.316163	30.660907	0.023197	1.7
857	-1.285217	30.643516	0.163233	1.6
858	-0.188879	30.626151	0.052802	1.6
859	-0.038499	30.608812	0.018912	1.6
860	-1.225398	30.591500	0.294527	2.9
861	-0.237667	30.574213	0.040883	6.2
862	-0.758234	30.556952	0.248316	4.4
863	-0.464828	30.539718	0.072108	1.5
864	-0.834100	30.522509	0.174694	1.5
865	-0.946069	30.505326	0.050374	1.5
866	-1.199953	30.488169	0.207131	1.5
867	-0.898448	30.471038	0.171371	4.4
868	-0.290674	30.453932	0.054039	1.3
869	-0.878628	30.436852	0.159173	1.6
870	-0.370108	30.419797	0.017111	1.4
871	-0.968295	30.402768	0.056729	1.3
872	-0.483538	30.385764	0.132239	1.4
873	-1.159063	30.368786	0.168579	2.2
874	-0.979050	30.351833	0.170682	4.6
875	-1.056442	30.334905	0.181808	3.1
876	-1.095224	30.318002	0.192378	4.6
877	-1.451173	30.301124	0.158734	1.5
878	-0.832627	30.284271	0.195762	1.9
879	-0.321324	30.267444	0.011085	2.0
880	-0.963560	30.250641	0.171411	2.4
881	-1.223135	30.233863	0.206764	2.0
882	-1.070647	30.217110	0.104786	1.8
883	-1.041262	30.200381	0.108554	1.7
884	-1.453504	30.183678	0.238262	2.0
885	-1.395102	30.166998	0.140722	2.9
886	-0.663660	30.150344	0.127302	2.7
887	-1.014051	30.133714	0.292595	2.9
888	-0.545391	30.117108	0.038192	2.6
889	-1.538762	30.100527	0.090933	1.9
890	-0.508045	30.083970	0.083882	1.9
891	-0.328785	30.067437	0.019050	1.9
892	-1.040150	30.050929	0.136548	1.9
893	-1.137725	30.034444	0.085910	1.8
894	-1.015829	30.017984	0.252915	1.5
895	-0.357539	30.001548	0.073576	1.6
896	-1.338071	29.985136	0.138539	1.4
897	-0.819842	29.968747	0.111595	1.4
898	-1.023731	29.952383	0.351692	1.4
899	-0.724957	29.936042	0.128820	1.3
900	-0.770099	29.919725	0.229250	2.5
901	-0.439197	29.903432	0.057739	1.8
902	-0.476890	29.887163	0.071632	1.4
903	-0.765162	29.870917	0.134833	1.6
904	-0.437859	29.854694	0.085575	1.3
905	-1.227914	29.838495	0.114612	1.4
906	-1.186710	29.822320	0.078195	1.4
907	-0.169640	29.806168	0.007415	1.4
908	-1.402862	29.790039	0.223728	2.2
909	-0.807259	29.773933	0.147747	1.9
910	-0.310233	29.757851	0.048662	1.4
911	-1.278139	29.741791	0.127874	1.4
912	-1.208632	29.725755	0.231958	1.4
913	-0.512200	29.709742	0.126752	1.4
914	-1.299635	29.693752	0.012339	1.8
915	-1.207112	29.677785	0.142844	1.5
916	-0.927083	29.661840	0.146542	8.5
917	-1.049920	29.645919	0.206497	2.0
918	-1.581437	29.630020	0.160610	2.5
919	-1.112248	29.614144	0.135424	1.4
920	-0.546198	29.598290	0.099470	1.4
921	-1.183196	29.582460	0.194453	1.4
922	-1.276261	29.566651	0.301966	1.4
923	-0.221574	29.550866	0.008136	1.5
924	-0.993937	29.535102	0.242744	2.4
925	-0.770108	29.519362	0.153578	2.4
926	-1.136315	29.503643	0.133801	1.5
927	-1.183321	29.487947	0.174847	3.5
928	-1.186600	29.472273	0.128122	1.3
929	-0.607848	29.456621	0.053015	1.4
930	-0.593501	29.440992	0.170137	1.4
931	-0.410017	29.425384	0.019840	1.4
932	-0.673145	29.409799	0.018781	2.9
933	-0.612362	29.394235	0.044749	1.4
934	-1.264125	29.378694	0.313868	1.4
935	-0.711509	29.363174	0.101664	1.4
936	-0.745355	29.347676	0.089329	1.4
937	-0.779354	29.332200	0.092891	1.4
938	-1.034446	29.316746	0.154262	1.4
939	-0.730621	29.301313	0.098989	1.3
940	-0.363867	29.285902	0.072210	1.4
941	-0.578709	29.270513	0.216021	1.5
942	-1.004530	29.255145	0.180319	1.8
943	-0.983584	29.239799	0.129445	1.7
944	-1.243083	29.224474	0.196947	1.5
945	-1.061963	29.209171	0.170525	1.4
946	-0.531760	29.193888	0.098128	1.3
947	-0.957076	29.178628	0.146428	1.4
948	-0.852698	29.163388	0.110170	1.4
949	-0.000000	29.148170	0.000000	1.4
950	-1.603567	29.132973	0.171907	1.4
951	-1.105391	29.117797	0.119207	1.5
952	-1.152166	29.102642	0.242700	2.7
953	-0.721479	29.087508	0.155674	1.7
954	-1.344634	29.072395	0.228351	1.8
955	-0.960111	29.057303	0.128021	1.6
956	-1.014192	29.042231	0.173299	1.4
957	-1.422709	29.027181	0.476398	1.4
958	-0.285161	29.012151	0.029479	1.4
959	-1.437797	28.997142	0.195514	1.4
960	-0.459651	28.982154	0.045973	1.4
961	-0.829926	28.967187	0.034242	1.3
962	-0.415075	28.952240	0.089078	1.4
963	-1.023150	28.937313	0.086408	2.5
964	-0.235699	28.922407	0.040660	3.7
965	-0.704961	28.907522	0.114149	3.5
966	-1.870254	28.892657	0.099582	5.9
967	-0.610254	28.877812	0.069851	3.9
968	-0.873013	28.862988	0.196333	3.5
969	-0.752617	28.848184	0.166202	3.6
970	-1.407108	28.833400	0.182503	3.6
971	-1.152188	28.818636	0.322109	3.6
972	-1.000689	28.803893	0.110564	2.8
973	-0.673035	28.789170	0.116228	1.8
974	-0.095623	28.774466	0.005514	7.1
975	-0.265243	28.759783	0.090851	2.1
976	-1.004528	28.745119	0.159772	2.6
977	-1.092375	28.730476	0.112381	2.7
978	-0.424248	28.715852	0.089916	3.0
979	-0.951759	28.701249	0.287069	1.6
980	-0.519770	28.686665	0.039970	3.8
981	-0.784873	28.672100	0.124052	3.7
982	-0.585596	28.657556	0.149191	2.0
983	-1.189265	28.643031	0.196727	2.0
984	-0.234853	28.628526	0.086418	1.5
985	-0.726646	28.614040	0.088744	1.4
986	-0.252619	28.599574	0.072726	1.5
987	-1.296152	28.585127	0.173186	2.7
988	-1.274658	28.570700	0.237647	1.4
989	-0.374324	28.556292	0.099042	2.2
990	-0.879766	28.541904	0.145179	1.7
991	-0.802046	28.527535	0.128244	1.8
992	-0.714153	28.513185	0.267225	2.3
993	-1.500089	28.498854	0.119177	1.5
994	-1.014690	28.484543	0.262720	2.7
995	-0.596545	28.470250	0.099371	2.0
996	-1.307845	28.455977	0.157741	1.7
997	-0.280644	28.441723	0.027828	1.4
998	-1.434396	28.427488	0.435838	2.1
999	-0.425473	28.413272	0.092129	3.3
1000	-1.056483	28.399075	0.041755	6.4
1001	-1.345987	28.384897	0.120500	2.0
1002	-0.795668	28.370737	0.092779	2.9
1003	-0.763027	28.356597	0.119489	1.4
1004	-1.436784	28.342475	0.120059	1.7
1005	-0.754312	28.328372	0.074814	1.8
1006	-1.072174	28.314287	0.137995	1.5
1007	-1.767264	28.300222	0.197053	1.7
1008	-0.594413	28.286174	0.072155	1.4
1009	-0.466705	28.272146	0.099106	2.5
1010	-0.451760	28.258136	0.030998	1.9
1011	-0.751262	28.244144	0.098386	1.6
1012	-0.957795	28.230171	0.197565	2.0
1013	-1.405504	28.216217	0.256998	1.5
1014	-0.767881	28.202281	0.124161	3.6
1015	-0.878949	28.188363	0.096816	1.6
1016	-1.326402	28.174463	0.125136	1.4
1017	-0.019924	28.160582	0.008232	1.3
1018	-1.217256	28.146719	0.161056	1.3
1019	-1.350266	28.132874	0.123982	1.7
1020	-1.382815	28.119047	0.329801	1.5
1021	-0.933704	28.105238	0.276002	1.4
1022	-0.433862	28.091448	0.049264	1.4
1023	-0.954161	28.077675	0.115505	1.9
1024	-0.459770	28.063921	0.095756	1.4
1025	-1.002868	28.050184	0.345715	1.5
1026	-0.185610	28.036465	0.039744	1.5
1027	-0.515285	28.022764	0.094062	1.5
1028	-1.156359	28.009081	0.102367	1.4
1029	-0.543595	27.995416	0.073703	1.7
1030	-0.901964	27.981769	0.189688	1.5
1031	-1.141009	27.968139	0.087482	1.2
1032	-1.505189	27.954527	0.165994	1.5
1033	-1.081114	27.940933	0.246373	1.5
1034	-0.934533	27.927356	0.136002	2.4
1035	-0.981125	27.913797	0.154614	2.4
1036	-1.372525	27.900255	0.196755	1.6
1037	-0.742945	27.886731	0.205454	1.4
1038	-1.332343	27.873224	0.141711	1.4
1039	-1.404197	27.859735	0.168549	1.4
1040	-1.463954	27.846263	0.350434	1.4
1041	-1.422154	27.832809	0.132165	1.8
1042	-0.349933	27.819372	0.020383	3.9
1043	-1.057842	27.805952	0.073115	3.5
1044	-1.014630	27.792549	0.111122	2.0
1045	-1.326922	27.779164	0.191563	2.1
1046	-1.112637	27.765796	0.220033	2.5
1047	-1.461473	27.752445	0.267014	3.6
1048	-0.578687	27.739111	0.081780	3.5
1049	-0.629259	27.725794	0.117312	3.4
1050	-0.767756	27.712494	0.101871	2.7
1051	-1.110107	27.699211	0.332598	2.3
1052	-1.146026	27.685945	0.182781	6.0
1053	-0.247174	27.672696	0.054839	2.8
1054	-1.071381	27.659464	0.069475	9.4
1055	-0.979857	27.646249	0.054563	6.5
1056	-1.277877	27.633050	0.063438	2.1
1057	-0.001093	27.619869	0.001869	2.9
1058	-1.127635	27.606704	0.101999	2.4
1059	-0.845041	27.593556	0.271714	3.6
1060	-0.967516	27.580424	0.160930	2.5
1061	-1.000603	27.567310	0.146806	7.6
1062	-0.595129	27.554211	0.116159	2.2
1063	-0.655173	27.541130	0.159405	3.9
1064	-0.750952	27.528065	0.163921	1.7
1065	-1.307313	27.515016	0.194876	1.8
1066	-1.391694	27.501984	0.090563	1.9
1067	-0.767909	27.488968	0.076395	1.9
1068	-1.214114	27.475969	0.277898	1.6
1069	-1.607875	27.462986	0.128456	1.7
1070	-0.892747	27.450020	0.128901	1.7
1071	-0.500737	27.437070	0.157194	1.7
1072	-1.138409	27.424136	0.261866	1.5
1073	-1.084878	27.411218	0.115132	1.5
1074	-1.421211	27.398317	0.132475	1.9
1075	-1.079117	27.385432	0.216771	1.7
1076	-1.450273	27.372563	0.080301	1.7
1077	-0.604742	27.359710	0.119393	1.9
1078	-1.000301	27.346873	0.274954	3.1
1079	-1.018309	27.334052	0.167016	1.7
1080	-1.123110	27.321247	0.260780	1.4
1081	-1.094453	27.308458	0.132399	1.5
1082	-0.920358	27.295685	0.221524	1.4
1083	-0.822203	27.282928	0.219056	1.4
1084	-1.226154	27.270187	0.291553	2.2
1085	-1.038039	27.257462	0.136075	1.4
1086	-0.368133	27.244753	0.015452	1.4
1087	-0.898724	27.232059	0.183273	1.4
1088	-0.847480	27.219381	0.161159	1.4
1089	-0.519050	27.206719	0.030972	1.4
1090	-0.932933	27.194072	0.153757	1.3
1091	-1.739704	27.181442	0.128123	1.4
1092	-1.486846	27.168827	0.216246	1.4
1093	-0.931882	27.156227	0.230511	1.3
1094	-0.360626	27.143643	0.019006	1.4
1095	-1.163788	27.131075	0.196547	1.4
1096	-1.599430	27.118522	0.166365	1.4
1097	-0.065408	27.105984	0.001611	1.4
1098	-1.153468	27.093462	0.173402	3.8
1099	-0.883249	27.080956	0.164966	1.9
1100	-1.104288	27.068464	0.145050	1.9
1101	-1.056567	27.055988	0.339548	1.9
1102	-0.517007	27.043528	0.054580	1.6
1103	-1.568435	27.031083	0.168217	1.5
1104	-0.914467	27.018653	0.148626	2.0
1105	-1.282746	27.006238	0.201083	1.8
1106	-0.868050	26.993838	0.073171	1.4
1107	-0.848989	26.981454	0.265844	1.6
1108	-1.158260	26.969085	0.125177	1.4
1109	-0.569663	26.956731	0.090391	1.4
1110	-0.869509	26.944392	0.189221	1.4
1111	-0.758047	26.932068	0.184171	1.3
1112	-0.243678	26.919759	0.043282	1.3
1113	-1.106486	26.907465	0.329513	1.4
1114	-0.880055	26.895185	0.146192	1.4
1115	-1.127786	26.882921	0.167769	1.4
1116	-0.978548	26.870672	0.159111	1.7
1117	-1.001276	26.858438	0.131654	2.1
1118	-1.117081	26.846218	0.180333	1.4
1119	-0.513009	26.834014	0.144957	1.3
1120	-0.943815	26.821824	0.141189	1.9
1121	-1.309566	26.809649	0.307683	1.4
1122	-0.682619	26.797488	0.039914	1.4
1123	-1.178295	26.785343	0.176552	1.3
1124	-0.929174	26.773211	0.134961	1.4
1125	-1.143978	26.761095	0.382209	1.8
1126	-0.404358	26.748993	0.051615	1.7
1127	-0.998158	26.736906	0.132266	1.6
1128	-1.161683	26.724833	0.182283	1.4
1129	-0.888342	26.712775	0.136458	1.4
1130	-1.788428	26.700732	0.173592	1.4
1131	-1.369679	26.688703	0.309158	1.4
1132	-0.346271	26.676688	0.054758	2.2
1133	-0.143818	26.664687	0.037861	1.4
1134	-0.157103	26.652702	0.052221	1.4
1135	-0.809183	26.640730	0.140610	3.7
1136	-1.586856	26.628773	0.141475	2.0
1137	-0.627780	26.616830	0.125686	2.3
1138	-1.509389	26.604901	0.164099	2.0
1139	-1.299312	26.592987	0.238861	2.2
1140	-0.798695	26.581087	0.159102	2.1
1141	-0.675475	26.569201	0.051901	2.4
1142	-1.095097	26.557329	0.282631	1.8
1143	-0.586936	26.545471	0.123609	2.2
1144	-1.216802	26.533627	0.150548	4.4
1145	-1.247031	26.521798	0.230822	3.9
1146	-0.784422	26.509982	0.127218	6.5
1147	-1.025033	26.498181	0.150761	1.8
1148	-1.256343	26.486393	0.094067	4.3
1149	-1.270669	26.474620	0.109745	10.3
1150	-1.194847	26.462860	0.262303	1.9
1151	-0.462400	26.451115	0.101685	1.3
1152	-0.993750	26.439383	0.160650	1.5
1153	-0.511197	26.427665	0.095982	1.5
1154	-1.806594	26.415961	0.224132	1.5
1155	-0.649932	26.404271	0.066418	1.6
1156	-0.681409	26.392595	0.081644	2.1
1157	-1.374051	26.380932	0.193114	2.7
1158	-0.941781	26.369283	0.132953	2.7
1159	-1.099081	26.357648	0.136627	3.0
1160	-1.243675	26.346026	0.438652	2.6
1161	-1.027439	26.334418	0.183521	1.4
1162	-0.477061	26.322824	0.062356	2.6
1163	-0.364708	26.311243	0.048595	2.4
1164	-0.430444	26.299676	0.084261	7.9
1165	-0.236956	26.288123	0.024922	1.5
1166	-0.821368	26.276583	0.316212	1.6
1167	-0.407157	26.265056	0.032950	3.3
1168	-1.381501	26.253543	0.200128	1.3
1169	-1.049528	26.242044	0.129396	1.4
1170	-0.564195	26.230558	0.034013	1.7
1171	-1.133983	26.219085	0.068278	1.7
1172	-1.083606	26.207625	0.176332	2.3
1173	-0.374157	26.196179	0.031018	1.4
1174	-0.542234	26.184747	0.153741	2.0
1175	-1.514432	26.173327	0.174711	1.5
1176	-0.777358	26.161921	0.127462	1.5
1177	-0.956454	26.150528	0.247180	1.4
1178	-1.262003	26.139148	0.240676	1.8
1179	-0.819568	26.127782	0.083024	1.5
1180	-1.337354	26.116429	0.220206	1.6
1181	-0.676185	26.105088	0.111504	1.4
1182	-0.739558	26.093761	0.049574	1.4
1183	-0.989359	26.082447	0.184721	1.8
1184	-1.003898	26.071147	0.277501	1.6
1185	-0.560978	26.059859	0.089526	2.1
1186	-1.134894	26.048584	0.178027	1.9
1187	-1.028978	26.037322	0.151307	1.6
1188	-1.066224	26.026073	0.268403	2.0
1189	-0.918190	26.014837	0.081342	2.0
1190	-1.009846	26.003614	0.156229	1.9
1191	-0.813776	25.992404	0.182159	1.6
1192	-0.843144	25.981207	0.140529	1.4
1193	-0.712223	25.970023	0.147029	1.9
1194	-1.219634	25.958851	0.253521	1.4
1195	-1.231686	25.947693	0.144214	1.4
1196	-1.612781	25.936547	0.134407	1.4
1197	-1.705300	25.925414	0.126209	1.4
1198	-0.325059	25.914293	0.014575	1.4
1199	-0.000000	25.903185	0.000000	1.4
1200	-0.998377	25.892090	0.062997	1.4
1201	-1.141047	25.881008	0.260396	1.9
1202	-0.989968	25.869938	0.221256	1.9
1203	-1.303449	25.858881	0.196014	2.6
1204	-0.022448	25.847837	0.011511	1.3
1205	-0.978258	25.836805	0.197954	1.5
1206	-1.199910	25.825785	0.075000	2.1
1207	-1.080768	25.814778	0.283537	1.4
1208	-0.484146	25.803784	0.156882	1.4
1209	-1.226608	25.792802	0.178167	3.1
1210	-1.164664	25.781833	0.190405	1.9
1211	-0.660765	25.770876	0.161363	3.4
1212	-1.062658	25.759931	0.193721	2.5
1213	-0.804094	25.748999	0.192769	1.4
1214	-0.357293	25.738079	0.084985	1.5
1215	-0.982030	25.727172	0.176395	1.4
1216	-1.508499	25.716276	0.117220	1.5
1217	-1.356749	25.705394	0.246284	1.5
1218	-1.166325	25.694523	0.186039	1.8
1219	-0.330782	25.683665	0.010961	2.2
1220	-0.940672	25.672818	0.252217	1.4
1221	-0.717675	25.661984	0.161837	1.4
1222	-1.061685	25.651163	0.167253	1.4
1223	-1.614419	25.640353	0.082193	1.3
1224	-0.842882	25.629556	0.188809	1.9
1225	-1.228990	25.618770	0.149832	2.0
1226	-0.954793	25.607997	0.063513	3.1
1227	-0.989784	25.597236	0.255388	6.8
1228	-1.340731	25.586487	0.091606	3.0
1229	-1.299273	25.575750	0.290506	4.1
1230	-0.504886	25.565025	0.106409	3.9
1231	-0.764612	25.554312	0.135219	3.4
1232	-0.724035	25.543610	0.071781	3.5
1233	-0.924041	25.532921	0.170194	3.5
1234	-1.618938	25.522244	0.428943	4.8
1235	-0.820720	25.511579	0.080402	3.5
1236	-0.708916	25.500925	0.085841	3.4
1237	-1.118246	25.490283	0.127951	1.9
1238	-1.389180	25.479654	0.104090	1.5
1239	-0.615137	25.469036	0.136775	1.5
1240	-0.783283	25.458429	0.116070	2.1
1241	-0.549605	25.447835	0.030955	1.5
1242	-0.202227	25.437252	0.066953	1.4
1243	-0.396349	25.426681	0.040910	1.3
1244	-1.559020	25.416122	0.225785	1.4
1245	-0.595051	25.405574	0.092082	1.4
1246	-0.726623	25.395039	0.180140	1.4
1247	-0.922426	25.384514	0.091597	1.4
1248	-0.667773	25.374002	0.052187	1.4
1249	-1.116714	25.363501	0.104279	1.4
1250	-1.137665	25.353011	0.126748	1.4
1251	-1.088911	25.342533	0.177902	1.9
1252	-1.123909	25.332067	0.124605	1.7
1253	-1.654264	25.321612	0.159554	1.5
1254	-1.034358	25.311169	0.185982	1.4
1255	-1.333487	25.300737	0.149392	1.4
1256	-0.898804	25.290317	0.169308	1.4
1257	-1.181925	25.279908	0.357412	1.4
1258	-0.623781	25.269510	0.085955	1.4
1259	-1.181563	25.259124	0.142454	1.4
1260	-0.951231	25.248749	0.158784	2.7
1261	-1.205733	25.238386	0.288169	1.4
1262	-0.950206	25.228034	0.171293	1.4
1263	-0.983805	25.217693	0.174296	1.5
1264	-0.686012	25.207363	0.144473	1.4
1265	-0.756729	25.197045	0.233053	1.8
1266	-0.701699	25.186738	0.143594	1.4
1267	-1.360875	25.176442	0.069076	1.4
1268	-0.931579	25.166158	0.114155	1.6
1269	-1.612082	25.155885	0.188354	3.0
1270	-1.306746	25.145623	0.138127	3.4
1271	-1.561965	25.135372	0.212705	3.2
1272	-1.081357	25.125132	0.268897	3.7
1273	-0.644611	25.114903	0.156394	1.9
1274	-0.995459	25.104685	0.118748	2.7
1275	-1.358300	25.094479	0.138183	2.2
1276	-1.216746	25.084283	0.211279	1.9
1277	-1.702939	25.074099	0.126930	1.4
1278	-0.993615	25.063926	0.179222	1.4
1279	-1.375454	25.053763	0.189628	1.9
1280	-0.896398	25.043612	0.151361	2.2
1281	-0.686493	25.033471	0.228316	1.4
1282	-1.340396	25.023342	0.166783	1.4
1283	-1.088613	25.013223	0.303635	1.9
1284	-0.421419	25.003115	0.012409	1.5
1285	-0.926712	24.993018	0.161015	1.4
1286	-1.381713	24.982932	0.366823	1.7
1287	-0.590243	24.972857	0.088602	1.5
1288	-0.885058	24.962793	0.065272	1.5
1289	-1.243026	24.952740	0.156030	1.4
1290	-0.045873	24.942697	0.008300	2.0
1291	-0.689101	24.932665	0.083032	2.7
1292	-1.136766	24.922644	0.147464	4.7
1293	-0.728940	24.912633	0.139400	3.7
1294	-1.469665	24.902634	0.122490	2.2
1295	-1.618783	24.892645	0.238519	2.6
1296	-1.728709	24.882666	0.107281	1.4
1297	-0.733263	24.872699	0.239457	2.9
1298	-1.033379	24.862742	0.171899	1.4
1299	-1.052026	24.852795	0.211422	1.7
1300	-1.604806	24.842859	0.155008	1.4
1301	-1.139724	24.832934	0.208432	1.4
1302	-1.158962	24.823019	0.419038	1.5
1303	-0.517613	24.813115	0.036477	1.6
1304	-0.682196	24.803222	0.070432	1.4
1305	-0.404916	24.793339	0.058770	3.3
1306	-0.492861	24.783466	0.029646	1.8
1307	-0.823677	24.773604	0.154574	1.8
1308	-0.319302	24.763752	0.082143	1.6
1309	-1.065070	24.753911	0.061339	2.9
1310	-1.535627	24.744080	0.108294	2.4
1311	-0.660341	24.734260	0.117821	1.4
1312	-1.060282	24.724450	0.061135	2.1
1313	-0.722536	24.714650	0.245378	1.9
1314	-1.146034	24.704861	0.261590	1.9
1315	-1.046902	24.695082	0.323340	1.9
1316	-0.077520	24.685314	0.023226	1.9
1317	-0.908317	24.675555	0.181864	1.5
1318	-0.797915	24.665807	0.157549	1.7
1319	-0.632514	24.656069	0.129751	1.5
1320	-0.633971	24.646342	0.138652	1.7
1321	-0.000000	24.636624	0.000000	5.0
1322	-1.496655	24.626917	0.194237	2.0
1323	-1.421875	24.617220	0.420032	1.4
1324	-0.964797	24.607534	0.180866	1.4
1325	-0.495216	24.597857	0.119941	1.9
1326	-1.502778	24.588191	0.148516	2.5
1327	-0.279586	24.578534	0.063007	2.3
1328	-1.037527	24.568888	0.239865	2.8
1329	-0.818757	24.559252	0.138881	4.0
1330	-0.926172	24.549626	0.239902	2.8
1331	-0.443196	24.540010	0.089450	3.2
1332	-0.098608	24.530404	0.025829	8.5
1333	-1.302281	24.520808	0.297168	2.9
1334	-1.509202	24.511222	0.193104	7.1
1335	-0.912309	24.501646	0.066339	2.1
1336	-1.302702	24.492080	0.115844	2.0
1337	-0.915652	24.482524	0.110195	2.0
1338	-1.030848	24.472978	0.119889	2.0
1339	-0.985077	24.463442	0.099529	2.0
1340	-0.804225	24.453916	0.100835	2.0
1341	-1.119188	24.444399	0.118182	1.9
1342	-1.257785	24.434893	0.311790	2.2
1343	-0.770569	24.425396	0.115693	1.7
1344	-1.121197	24.415909	0.211626	1.7
1345	-0.229762	24.406432	0.006162	1.6
1346	-1.591171	24.396965	0.174710	1.6
1347	-1.468794	24.387508	0.100620	1.5
1348	-1.016598	24.378060	0.217825	1.1
1349	-1.024796	24.368622	0.140768	1.3
1350	-1.277798	24.359194	0.239240	2.4
1351	-0.467621	24.349776	0.102911	3.1
1352	-1.478925	24.340367	0.210522	2.3
1353	-0.880524	24.330968	0.065912	1.4
1354	-0.695700	24.321579	0.114103	3.8
1355	-0.962793	24.312199	0.173242	1.4
1356	-1.356625	24.302829	0.096526	1.4
1357	-1.458165	24.293468	0.251392	3.0
1358	-0.890105	24.284118	0.172117	1.8
1359	-1.018171	24.274776	0.242187	1.4
1360	-1.293495	24.265445	0.043598	1.4
1361	-0.172757	24.256123	0.023676	1.4
1362	-0.256133	24.246810	0.036155	1.9
1363	-1.695930	24.237507	0.269092	2.0
1364	-1.196033	24.228213	0.259735	1.9
1365	-1.072524	24.218929	0.245831	1.4
1366	-0.279152	24.209655	0.095103	1.6
1367	-0.884710	24.200390	0.237837	1.6
1368	-0.934729	24.191134	0.183517	1.8
1369	-1.314100	24.181888	0.253870	1.5
1370	-1.503132	24.172651	0.118966	1.5
1371	-1.108521	24.163424	0.114568	1.7
1372	-0.000000	24.154206	0.000001	1.8
1373	-0.248832	24.144997	0.052948	2.0
1374	-0.522128	24.135798	0.061035	3.5
1375	-0.562036	24.126608	0.035270	1.6
1376	-1.502210	24.117427	0.177877	1.4
1377	-0.830147	24.108256	0.249921	1.5
1378	-1.462065	24.099094	0.285031	1.5
1379	-0.693458	24.089941	0.130097	1.5
1380	-1.479636	24.080798	0.332567	1.5
1381	-1.113402	24.071664	0.207608	1.6
1382	-1.294383	24.062539	0.099605	2.3
1383	-1.052331	24.053423	0.117123	1.5
1384	-0.463242	24.044316	0.079240	1.4
1385	-1.154109	24.035219	0.198408	2.2
1386	-0.646401	24.026131	0.116554	1.7
1387	-1.694883	24.017052	0.130165	1.4
1388	-1.602143	24.007982	0.241180	1.4
1389	-0.670945	23.998921	0.037459	1.4
1390	-1.427560	23.989870	0.125140	1.3
1391	-1.154162	23.980827	0.228098	1.4
1392	-1.156166	23.971794	0.060823	3.4
1393	-0.992477	23.962769	0.121408	1.6
1394	-1.420246	23.953754	0.186695	1.4
1395	-0.834995	23.944748	0.163006	1.7
1396	-0.690527	23.935750	0.167982	1.7
1397	-0.911522	23.926762	0.240881	1.5
1398	-0.804792	23.917783	0.181888	1.4
1399	-1.063479	23.908812	0.052577	1.4
1400	-0.526728	23.899851	0.102486	1.4
1401	-0.739849	23.890899	0.139254	1.4
1402	-1.296439	23.881955	0.205926	1.4
1403	-1.546251	23.873021	0.227259	1.3
1404	-1.081886	23.864095	0.077878	1.3
1405	-1.263604	23.855179	0.188934	1.4
1406	-1.386552	23.846271	0.347807	1.4
1407	-1.203643	23.837372	0.088401	1.3
1408	-0.761744	23.828482	0.121613	1.4
1409	-1.753428	23.819600	0.132732	1.4
1410	-1.108533	23.810728	0.269939	1.4
1411	-1.353102	23.801864	0.105350	1.4
1412	-0.630791	23.793009	0.111054	3.4
1413	-0.562556	23.784163	0.109427	1.6
1414	-1.719006	23.775326	0.096161	1.5
1415	-1.191867	23.766497	0.141433	1.4
1416	-1.175383	23.757678	0.228355	1.5
1417	-1.390062	23.748866	0.160622	1.6
1418	-1.183869	23.740064	0.183951	1.4
1419	-1.755341	23.731270	0.292812	1.4
1420	-0.888803	23.722485	0.092798	1.4
1421	-1.385838	23.713709	0.211416	1.4
1422	-0.849471	23.704941	0.158986	1.4
1423	-0.765433	23.696182	0.127317	1.4
1424	-1.158855	23.687432	0.298101	1.3
1425	-0.791393	23.678690	0.252436	1.4
1426	-1.309974	23.669957	0.094305	1.4
1427	-1.179230	23.661232	0.213055	1.4
1428	-0.916834	23.652516	0.108449	1.4
1429	-0.560992	23.643808	0.134806	1.4
1430	-1.039699	23.635110	0.150655	1.3
1431	-1.053006	23.626419	0.123743	1.4
1432	-0.459572	23.617737	0.020566	2.6
1433	-1.440851	23.609064	0.271626	1.9
1434	-0.000000	23.600399	0.000000	1.9
1435	-1.105466	23.591742	0.338419	1.9
1436	-1.153396	23.583094	0.204370	2.2
1437	-0.009317	23.574455	0.004304	2.2
1438	-0.691519	23.565824	0.117328	1.9
1439	-1.029715	23.557201	0.122442	1.6
1440	-0.268563	23.548587	0.054334	1.3
1441	-1.425347	23.539981	0.132929	1.4
1442	-0.477714	23.531383	0.030166	1.4
1443	-0.003194	23.522794	0.005908	2.1
1444	-0.760411	23.514213	0.124104	6.5
1445	-0.788593	23.505641	0.043887	2.9
1446	-1.424639	23.497077	0.189337	3.3
1447	-0.384583	23.488521	0.088278	3.6
1448	-1.432679	23.479973	0.103005	5.0
1449	-1.184757	23.471434	0.229712	2.7
1450	-0.996665	23.462903	0.101007	5.5
1451	-1.193901	23.454381	0.095755	1.8
1452	-1.460328	23.445866	0.329658	5.1
1453	-1.003112	23.437360	0.242112	2.0
1454	-0.588519	23.428862	0.131059	4.2
1455	-1.004276	23.420372	0.122781	5.6
1456	-0.889610	23.411891	0.119905	5.0
1457	-1.058404	23.403417	0.189698	6.7
1458	-0.781534	23.394952	0.172286	1.3
1459	-1.443412	23.386495	0.224516	1.1
1460	-1.264465	23.378046	0.107920	1.2
1461	-1.158487	23.369606	0.122632	4.0
1462	-0.761630	23.361173	0.292867	1.4
1463	-0.608592	23.352749	0.139720	1.4
1464	-0.760121	23.344332	0.143154	1.3
1465	-1.626485	23.335924	0.034940	3.4
1466	-0.556879	23.327524	0.063083	1.9
1467	-0.010874	23.319131	0.004559	8.8
1468	-1.590284	23.310747	0.218358	3.0
1469	-1.453532	23.302371	0.247307	1.7
1470	-0.523212	23.294003	0.088809	2.1
1471	-1.290279	23.285643	0.245135	2.0
1472	-0.816471	23.277291	0.160864	2.2
1473	-1.023811	23.268947	0.213712	2.2
1474	-0.891116	23.260610	0.199096	2.2
1475	-1.295109	23.252282	0.174169	2.6
1476	-1.460453	23.243962	0.230945	3.1
1477	-1.529538	23.235650	0.178159	1.3
1478	-1.377301	23.227345	0.236221	1.5
1479	-0.997231	23.219049	0.243008	1.6
1480	-1.493614	23.210760	0.147266	1.3
1481	-0.726889	23.202480	0.207352	1.4
1482	-0.322867	23.194207	0.072330	2.0
1483	-1.150336	23.185942	0.277607	2.3
1484	-0.001175	23.177685	0.000224	2.9
1485	-1.041182	23.169436	0.100223	1.5
1486	-1.115734	23.161194	0.208795	1.4
1487	-1.343636	23.152960	0.332357	1.7
1488	-1.019529	23.144735	0.172804	1.4
1489	-1.000375	23.136517	0.130871	1.4
1490	-1.199194	23.128306	0.162412	1.5
1491	-1.217041	23.120104	0.249343	1.6
1492	-0.945249	23.111909	0.136385	2.1
1493	-0.265415	23.103722	0.041743	1.7
1494	-1.199345	23.095543	0.353572	1.8
1495	-0.803352	23.087371	0.123926	1.5
1496	-1.021102	23.079207	0.207228	1.4
1497	-1.285686	23.071051	0.163231	1.4
1498	-1.413673	23.062903	0.095143	2.0
1499	-1.453569	23.054762	0.212433	1.3
1500	-0.837202	23.046629	0.128807	1.4
1501	-0.367029	23.038503	0.011145	1.4
1502	-1.231720	23.030385	0.227643	1.4
1503	-0.709172	23.022275	0.157128	1.4
1504	-1.247003	23.014173	0.423930	1.4
1505	-0.540636	23.006078	0.108247	1.5
1506	-0.188712	22.997990	0.047565	1.4
1507	-0.309131	22.989910	0.075480	1.6
1508	-0.726617	22.981838	0.088145	1.4
1509	-0.540424	22.973773	0.109501	1.4
1510	-0.632568	22.965716	0.054765	1.5
1511	-1.076750	22.957666	0.152075	1.6
1512	-1.207377	22.949624	0.261671	2.3
1513	-1.015192	22.941590	0.154392	1.6
1514	-1.010593	22.933562	0.104583	1.7
1515	-1.482693	22.925543	0.154547	1.7
1516	-1.045112	22.917531	0.314186	1.6
1517	-1.083700	22.909526	0.202236	1.6
1518	-1.364872	22.901529	0.177059	1.4
1519	-1.431044	22.893539	0.229325	2.5
1520	-0.558407	22.885556	0.137096	2.0
1521	-0.908272	22.877581	0.266137	2.1
1522	-0.315927	22.869614	0.056576	2.0
1523	-1.575015	22.861654	0.103595	1.8
1524	-1.578892	22.853701	0.149508	1.4
1525	-1.231911	22.845755	0.187590	1.7
1526	-1.539577	22.837817	0.070701	1.7
1527	-1.754483	22.829887	0.113108	1.6
1528	-1.584169	22.821963	0.297244	1.9
1529	-0.925261	22.814047	0.120549	2.0
1530	-1.354494	22.806138	0.150226	1.5
1531	-1.190586	22.798237	0.182494	1.4
1532	-1.615664	22.790343	0.094042	1.8
1533	-1.240486	22.782456	0.299141	1.7
1534	-0.487465	22.774576	0.122973	1.6
1535	-0.804527	22.766704	0.146843	1.4
1536	-1.571098	22.758839	0.128139	1.4
1537	-1.815131	22.750981	0.151828	1.3
1538	-1.320851	22.743131	0.176048	1.4
1539	-1.050770	22.735287	0.090254	1.4
1540	-1.271230	22.727451	0.318656	1.4
1541	-1.066593	22.719622	0.380906	1.4
1542	-0.826622	22.711800	0.093433	1.4
1543	-1.261599	22.703986	0.124844	1.4
1544	-0.552513	22.696178	0.066253	1.3
1545	-0.921295	22.688378	0.283171	1.4
1546	-0.594327	22.680585	0.060158	1.4
1547	-1.144140	22.672799	0.098654	1.4
1548	-1.177979	22.665020	0.166598	1.5
1549	-0.838373	22.657248	0.164560	2.1
1550	-1.147541	22.649484	0.190531	1.5
1551	-0.989422	22.641726	0.242423	1.4
1552	-1.242580	22.633976	0.221180	1.4
1553	-0.722465	22.626232	0.131132	1.4
1554	-0.980251	22.618496	0.333762	1.4
1555	-0.643423	22.610767	0.107076	1.4
1556	-0.492266	22.603044	0.155630	1.6
1557	-0.809167	22.595329	0.138614	1.4
1558	-1.140491	22.587621	0.226722	1.4
1559	-0.774052	22.579920	0.017122	1.5
1560	-0.772986	22.572226	0.232208	1.4
1561	-1.139405	22.564538	0.152812	1.4
1562	-1.020538	22.556858	0.262087	1.4
1563	-0.362967	22.549185	0.032066	1.5
1564	-1.189352	22.541519	0.087604	1.4
1565	-0.651031	22.533859	0.020796	1.3
1566	-1.359864	22.526207	0.361479	1.4
1567	-0.513206	22.518561	0.128751	1.4
1568	-1.109008	22.510923	0.124031	1.3
1569	-0.245104	22.503291	0.069764	1.5
1570	-1.105781	22.495666	0.141982	5.9
1571	-0.744520	22.488048	0.071790	3.5
1572	-0.795864	22.480437	0.159240	4.7
1573	-0.116803	22.472833	0.004341	3.2
1574	-0.617907	22.465236	0.046195	3.6
1575	-0.810003	22.457645	0.102025	3.5
1576	-0.000000	22.450062	0.000000	3.5
1577	-1.203539	22.442485	0.406169	5.9
1578	-1.083044	22.434915	0.173350	3.5
1579	-0.649128	22.427352	0.023670	2.7
1580	-0.306329	22.419795	0.053886	1.4
1581	-1.187528	22.412246	0.155287	1.4
1582	-0.638065	22.404703	0.192529	2.0
1583	-0.609618	22.397167	0.063385	1.9
1584	-1.451666	22.389638	0.219439	2.4
1585	-0.619564	22.382115	0.187077	2.1
1586	-1.040447	22.374599	0.234424	4.0
1587	-0.241205	22.367090	0.018092	1.6
1588	-0.975755	22.359588	0.216832	3.0
1589	-0.844942	22.352092	0.339969	3.4
1590	-1.292976	22.344603	0.101363	1.6
1591	-0.589641	22.337121	0.034684	1.4
1592	-0.346931	22.329645	0.139731	2.1
1593	-0.000030	22.322176	0.000051	1.5
1594	-1.038851	22.314714	0.205972	1.9
1595	-0.923886	22.307258	0.177945	1.6
1596	-1.307009	22.299809	0.185844	1.9
1597	-0.359996	22.292367	0.018226	1.6
1598	-1.548595	22.284931	0.074152	2.8
1599	-1.229530	22.277502	0.159649	1.6
1600	-1.025933	22.270080	0.132571	1.6
1601	-0.031922	22.262664	0.006900	1.5
1602	-1.619877	22.255254	0.319956	1.5
1603	-0.633834	22.247851	0.062224	1.9
1604	-0.795558	22.240455	0.127948	2.0
1605	-0.991107	22.233066	0.150056	3.0
1606	-0.800221	22.225682	0.200988	2.4
1607	-0.630746	22.218306	0.170738	2.0
1608	-0.987786	22.210936	0.136824	2.1
1609	-1.154683	22.203572	0.317814	2.1
1610	-0.914630	22.196215	0.116197	1.7
1611	-0.997221	22.188865	0.173030	1.7
1612	-0.835184	22.181521	0.145464	2.6
1613	-1.482671	22.174183	0.278692	2.8
1614	-0.955012	22.166852	0.185925	1.8
1615	-0.129726	22.159527	0.025923	1.7
1616	-1.542346	22.152209	0.262865	1.5
1617	-1.197484	22.144897	0.205862	1.4
1618	-1.089545	22.137592	0.219374	1.5
1619	-1.572169	22.130293	0.139378	1.9
1620	-0.000033	22.123000	0.000063	1.9
1621	-0.000041	22.115714	0.000085	1.9
1622	-0.956579	22.108435	0.128710	1.8
1623	-1.319816	22.101161	0.384056	2.3
1624	-0.424565	22.093894	0.065557	1.6
1625	-0.828399	22.086634	0.121231	1.4
1626	-0.881699	22.079380	0.110565	1.5
1627	-0.951356	22.072132	0.104393	1.4
1628	-1.449649	22.064890	0.191213	2.1
1629	-0.923574	22.057655	0.198857	2.1
1630	-0.856335	22.050426	0.314784	1.9
1631	-0.237480	22.043204	0.034444	1.4
1632	-0.987408	22.035987	0.259817	1.5
1633	-1.074497	22.028778	0.211622	1.5
1634	-0.855273	22.021574	0.100691	1.9
1635	-0.702674	22.014376	0.130818	2.1
1636	-0.574314	22.007185	0.085896	2.7
1637	-1.462822	22.000001	0.309808	1.9
1638	-1.515030	21.992822	0.175791	1.4
1639	-0.687618	21.985650	0.170953	1.7
1640	-0.871908	21.978483	0.361318	2.2
1641	-1.599204	21.971324	0.122497	1.8
1642	-1.269257	21.964170	0.139486	1.8
1643	-1.184413	21.957022	0.292312	1.7
1644	-1.072830	21.949881	0.185100	1.5
1645	-0.611447	21.942746	0.123387	1.5
1646	-0.679425	21.935617	0.124811	2.1
1647	-0.712663	21.928494	0.060785	1.5
1648	-1.289609	21.921378	0.340413	2.0
1649	-1.190796	21.914267	0.379739	1.8
1650	-0.993960	21.907163	0.147422	1.8
1651	-0.590636	21.900065	0.076149	1.5
1652	-0.480658	21.892973	0.102684	1.6
1653	-0.717119	21.885887	0.071868	3.4
1654	-0.375507	21.878808	0.085002	2.3
1655	-0.564518	21.871734	0.137148	2.7
1656	-0.689073	21.864666	0.054636	13.4
1657	-0.977002	21.857605	0.155313	1.6
1658	-0.854937	21.850549	0.209476	1.6
1659	-1.392496	21.843500	0.164679	1.6
1660	-0.658010	21.836457	0.172185	1.6
1661	-1.375123	21.829420	0.170772	2.0
1662	-0.752959	21.822388	0.127760	1.7
1663	-0.000588	21.815363	0.000426	1.5
1664	-1.192144	21.808344	0.375322	2.5
1665	-1.622626	21.801331	0.136378	3.2
1666	-0.729374	21.794324	0.224081	3.1
1667	-0.851021	21.787323	0.240611	4.1
1668	-1.188801	21.780328	0.146244	1.8
1669	-0.942835	21.773339	0.070424	1.5
1670	-0.670152	21.766356	0.184899	1.6
1671	-0.894448	21.759379	0.179182	2.0
1672	-1.201791	21.752407	0.249504	1.4
1673	-1.388143	21.745442	0.088193	2.1
1674	-1.079675	21.738483	0.065366	3.5
1675	-1.097137	21.731530	0.319159	1.9
1676	-1.419521	21.724582	0.126235	1.5
1677	-1.183509	21.717641	0.216119	1.5
1678	-1.166930	21.710705	0.141315	2.0
1679	-0.537234	21.703775	0.072948	1.4
1680	-1.614679	21.696852	0.122910	1.4
1681	-1.359312	21.689934	0.195278	1.4
1682	-0.821215	21.683022	0.120948	1.7
1683	-0.694805	21.676116	0.085535	1.8
1684	-0.347657	21.669215	0.013993	1.4
1685	-1.395694	21.662321	0.427749	1.4
1686	-0.981879	21.655432	0.063627	1.6
1687	-1.551763	21.648549	0.098173	1.6
1688	-0.810026	21.641673	0.125044	1.6
1689	-0.994617	21.634801	0.120180	1.4
1690	-0.015090	21.627936	0.001291	1.4
1691	-1.383773	21.621077	0.184206	1.8
1692	-1.005383	21.614223	0.098548	2.2
1693	-0.000000	21.607375	0.000000	1.7
1694	-0.325217	21.600533	0.138935	1.7
1695	-1.069651	21.593697	0.145545	1.4
1696	-1.060221	21.586866	0.162188	1.3
1697	-1.846311	21.580041	0.055947	1.5
1698	-1.315602	21.573222	0.272738	2.0
1699	-0.944177	21.566409	0.293229	1.9
1700	-1.434661	21.559601	0.136295	2.0
1701	-1.799034	21.552799	0.122358	3.4
1702	-1.221869	21.546003	0.153818	1.6
1703	-0.003547	21.539213	0.001996	1.4
1704	-1.535095	21.532428	0.107527	1.3
1705	-0.787180	21.525649	0.093481	1.4
1706	-1.466858	21.518876	0.162224	1.4
1707	-0.785029	21.512108	0.172478	1.4
1708	-1.084509	21.505346	0.373925	1.4
1709	-1.046264	21.498590	0.164312	1.5
1710	-1.118039	21.491839	0.156940	2.0
1711	-1.329977	21.485094	0.206074	1.5
1712	-1.053784	21.478355	0.185458	1.4
1713	-0.895699	21.471621	0.180281	1.4
1714	-0.620081	21.464893	0.126821	1.4
1715	-1.005559	21.458171	0.167730	1.7
1716	-0.752974	21.451454	0.081966	1.4
1717	-1.862640	21.444742	0.396883	1.5
1718	-0.205524	21.438037	0.056243	1.6
1719	-0.288847	21.431337	0.069064	1.6
1720	-1.005444	21.424642	0.099359	1.6
1721	-1.540368	21.417953	0.134772	1.5
1722	-1.781695	21.411270	0.161484	1.8
1723	-1.103944	21.404592	0.158203	1.4
1724	-1.219710	21.397920	0.141972	1.4
1725	-0.056552	21.391253	0.002716	1.4
1726	-1.418198	21.384592	0.165747	1.4
1727	-1.140636	21.377936	0.267066	1.4
1728	-1.500108	21.371286	0.220389	1.4
1729	-0.626340	21.364642	0.217838	1.4
1730	-0.824044	21.358002	0.084495	2.1
1731	-1.259573	21.351369	0.215734	1.5
1732	-1.434052	21.344741	0.238381	1.5
1733	-1.753640	21.338118	0.098477	1.6
1734	-1.129295	21.331501	0.429018	1.4
1735	-0.760755	21.324889	0.061357	1.4
1736	-0.199806	21.318283	0.040383	1.4
1737	-0.986016	21.311682	0.136057	1.4
1738	-1.182673	21.305087	0.239709	1.4
1739	-1.699509	21.298497	0.167337	1.4
1740	-1.024600	21.291913	0.228643	1.4
1741	-0.167649	21.285334	0.057901	1.3
1742	-1.084167	21.278760	0.205203	1.4
1743	-0.817242	21.272192	0.160982	1.4
1744	-0.758954	21.265629	0.257995	1.4
1745	-1.305976	21.259072	0.187004	1.3
1746	-1.103785	21.252520	0.141273	1.4
1747	-1.157759	21.245973	0.136954	1.4
1748	-1.640596	21.239432	0.491840	1.4
1749	-1.547111	21.232896	0.128711	1.4
1750	-0.563179	21.226365	0.126076	2.3
1751	-0.917803	21.219840	0.091744	1.9
1752	-1.087110	21.213320	0.227529	1.4
1753	-0.693958	21.206806	0.139800	1.4
1754	-0.399432	21.200297	0.076172	1.3
1755	-1.281769	21.193793	0.212689	2.4
1756	-0.584193	21.187294	0.096651	2.2
1757	-1.111947	21.180801	0.240318	1.8
1758	-0.905662	21.174313	0.122184	1.4
1759	-0.661390	21.167831	0.103899	1.4
1760	-0.848788	21.161353	0.114169	1.4
1761	-1.600020	21.154881	0.291499	1.4
1762	-0.329768	21.148415	0.103716	1.4
1763	-1.498933	21.141953	0.346319	3.8
1764	-0.748238	21.135497	0.095503	2.2
1765	-0.676982	21.129046	0.223893	1.9
1766	-1.349591	21.122600	0.119613	2.3
1767	-0.823012	21.116160	0.150845	4.0
1768	-0.759215	21.109725	0.100198	2.7
1769	-1.009130	21.103295	0.192057	3.2
1770	-1.334018	21.096870	0.204836	10.2
1771	-1.442878	21.090450	0.392803	3.1
1772	-0.380947	21.084036	0.055494	8.2
1773	-1.137572	21.077627	0.172526	5.2
1774	-0.391371	21.071223	0.024569	7.0
1775	-0.177958	21.064824	0.019287	4.8
1776	-1.178042	21.058430	0.255347	1.5
1777	-1.299349	21.052042	0.198435	1.5
1778	-0.454244	21.045659	0.102645	6.2
1779	-0.588897	21.039280	0.175930	1.7
1780	-0.835561	21.032907	0.204390	2.3
1781	-1.211840	21.026540	0.189808	1.6
1782	-0.810828	21.020177	0.207987	1.9
1783	-1.284345	21.013819	0.167639	10.2
1784	-1.780263	21.007467	0.126198	1.9
1785	-1.452321	21.001120	0.114522	1.8
1786	-1.274133	20.994777	0.353384	1.8
1787	-0.754135	20.988440	0.110043	1.8
1788	-1.250430	20.982108	0.194605	1.7
1789	-1.064514	20.975781	0.152561	1.8
1790	-0.672717	20.969460	0.131977	2.0
1791	-1.810418	20.963143	0.152025	1.7
1792	-1.392956	20.956831	0.225621	2.7
1793	-1.708954	20.950525	0.145815	1.6
1794	-0.134259	20.944223	0.034351	2.3
1795	-0.968779	20.937927	0.148953	2.4
1796	-0.998934	20.931635	0.079662	2.2
1797	-0.813913	20.925349	0.091596	1.9
1798	-1.116857	20.919067	0.281736	2.3
1799	-1.277153	20.912791	0.169058	5.6
1800	-0.804530	20.906520	0.257898	1.7
1801	-1.661763	20.900253	0.100869	1.4
1802	-1.183580	20.893992	0.225725	1.5
1803	-0.000000	20.887736	0.000000	1.4
1804	-1.006566	20.881484	0.167155	1.9
1805	-1.294424	20.875238	0.326043	1.6
1806	-1.489326	20.868997	0.131005	2.1
1807	-0.638839	20.862760	0.042087	1.7
1808	-0.861900	20.856529	0.160936	1.7
1809	-1.102420	20.850303	0.347095	1.5
1810	-0.928576	20.844081	0.081648	1.4
1811	-1.448267	20.837865	0.121650	1.3
1812	-1.366838	20.831653	0.267118	1.4
1813	-1.531816	20.825446	0.105546	1.3
1814	-1.377062	20.819244	0.219225	1.9
1815	-0.779519	20.813048	0.200580	1.5
1816	-0.058621	20.806856	0.022530	1.4
1817	-0.501750	20.800669	0.117099	1.5
1818	-1.383449	20.794487	0.403323	1.4
1819	-1.308955	20.788309	0.204470	1.8
1820	-0.983166	20.782137	0.172104	1.5
1821	-1.461996	20.775970	0.100015	1.5
1822	-0.277199	20.769807	0.054863	1.6
1823	-0.430156	20.763650	0.114212	1.6
1824	-1.544525	20.757497	0.112325	1.7
1825	-0.997469	20.751349	0.156319	3.3
1826	-1.361742	20.745206	0.025962	1.4
1827	-0.716351	20.739068	0.044446	2.6
1828	-1.128923	20.732934	0.144919	1.4
1829	-1.341854	20.726806	0.434266	1.8
1830	-0.458245	20.720682	0.086169	1.4
1831	-1.178322	20.714563	0.167295	1.4
1832	-1.449662	20.708449	0.084844	2.0
1833	-1.234287	20.702340	0.175432	1.7
1834	-1.616415	20.696235	0.161686	1.7
1835	-1.019976	20.690135	0.201193	1.5
1836	-0.834022	20.684040	0.306475	1.3
1837	-0.677301	20.677950	0.186827	1.8
1838	-0.093736	20.671865	0.003178	1.4
1839	-0.941960	20.665784	0.144793	1.4
1840	-1.417464	20.659709	0.200219	1.6
1841	-0.879216	20.653638	0.201866	1.5
1842	-1.171396	20.647571	0.227123	2.2
1843	-1.492672	20.641510	0.226318	1.6
1844	-1.398460	20.635453	0.197242	1.4
1845	-0.642378	20.629401	0.113657	1.5
1846	-1.232539	20.623354	0.150475	1.8
1847	-0.748426	20.617311	0.075341	2.5
1848	-1.078936	20.611273	0.222136	22.9
1849	-0.942277	20.605240	0.282474	2.0
1850	-1.294884	20.599212	0.125366	1.7
1851	-1.375295	20.593188	0.319286	1.6
1852	-0.717964	20.587169	0.199155	1.6
1853	-1.195069	20.581154	0.285529	3.0
1854	-1.238550	20.575145	0.221449	1.7
1855	-0.575555	20.569140	0.057524	1.6
1856	-1.436566	20.563139	0.282816	2.3
1857	-0.646526	20.557144	0.138727	1.5
1858	-0.712860	20.551153	0.207407	1.7
1859	-0.730092	20.545166	0.102986	1.7
1860	-0.851906	20.539185	0.176072	1.4
1861	-1.285903	20.533208	0.094626	1.4
1862	-1.221663	20.527235	0.162975	1.4
1863	-0.875351	20.521267	0.114996	1.4
1864	-1.256396	20.515304	0.440371	1.6
1865	-0.427734	20.509346	0.041888	2.0
1866	-1.323695	20.503392	0.134339	1.4
1867	-0.810479	20.497442	0.040003	1.4
1868	-0.964054	20.491498	0.124949	1.4
1869	-0.428657	20.485558	0.083014	1.3
1870	-1.417291	20.479622	0.140939	1.4
1871	-1.297256	20.473691	0.189359	1.4
1872	-1.190338	20.467765	0.100765	1.5
1873	-1.413903	20.461843	0.239873	1.7
1874	-0.670799	20.455926	0.129323	1.4
1875	-1.248652	20.450013	0.239800	1.3
1876	-1.044566	20.444105	0.249484	1.4
1877	-0.595269	20.438201	0.167151	1.4
1878	-1.735524	20.432302	0.096705	1.4
1879	-1.084567	20.426408	0.230268	1.4
1880	-0.731863	20.420518	0.121463	1.4
1881	-1.164612	20.414632	0.284080	1.4
1882	-1.259312	20.408751	0.117236	1.4
1883	-1.168966	20.402875	0.148721	1.3
1884	-1.274054	20.397003	0.281808	1.4
1885	-1.240250	20.391136	0.143446	2.1
1886	-0.804047	20.385273	0.109134	1.7
1887	-1.652775	20.379414	0.135710	1.4
1888	-1.578316	20.373560	0.213466	1.4
1889	-0.469485	20.367711	0.155114	1.4
1890	-1.039220	20.361866	0.175219	1.3
1891	-0.604288	20.356026	0.106147	1.6
1892	-1.180870	20.350190	0.207556	1.5
1893	-1.362273	20.344358	0.221467	1.3
1894	-1.622534	20.338531	0.143595	3.8
1895	-1.813815	20.332708	0.099494	4.9
1896	-1.383720	20.326890	0.202761	4.9
1897	-0.664941	20.321076	0.066517	1.6
1898	-0.851341	20.315267	0.182521	1.8
1899	-1.432584	20.309462	0.180960	2.2
1900	-1.331343	20.303661	0.226899	1.6
1901	-0.775474	20.297865	0.207352	1.5
1902	-1.732875	20.292074	0.083621	1.4
1903	-1.628799	20.286286	0.341542	2.1
1904	-0.406807	20.280504	0.144842	1.7
1905	-0.944273	20.274725	0.067543	1.4
1906	-1.060171	20.268951	0.157011	1.8
1907	-0.500395	20.263181	0.097906	1.5
1908	-1.362798	20.257416	0.113731	2.1
1909	-1.191172	20.251655	0.253552	1.7
1910	-1.150767	20.245899	0.060226	1.6
1911	-0.704917	20.240146	0.200107	2.1
1912	-0.300621	20.234398	0.057439	6.9
1913	-0.952384	20.228655	0.144781	3.6
1914	-1.492668	20.222916	0.139854	2.2
1915	-1.383652	20.217181	0.157705	2.3
1916	-1.347672	20.211450	0.146224	3.3
1917	-1.571371	20.205724	0.238232	1.9
1918	-0.989415	20.200002	0.299844	1.5
1919	-1.324848	20.194285	0.125322	1.6
1920	-0.900679	20.188572	0.246290	1.4
1921	-0.740323	20.182863	0.149520	2.0
1922	-0.890135	20.177158	0.254800	1.7
1923	-0.220186	20.171458	0.006252	1.6
1924	-0.728584	20.165762	0.200081	1.5
1925	-1.618162	20.160070	0.349267	1.4
1926	-1.023285	20.154383	0.180135	4.5
1927	-0.954171	20.148700	0.307182	4.4
1928	-0.547503	20.143021	0.049521	2.5
1929	-0.334621	20.137346	0.058123	3.0
1930	-1.665804	20.131676	0.098211	2.1
1931	-0.810961	20.126010	0.121576	1.9
1932	-0.266034	20.120348	0.019937	1.5
1933	-0.954573	20.114690	0.301247	1.4
1934	-1.095428	20.109037	0.170493	1.9
1935	-0.754955	20.103388	0.250294	1.5
1936	-0.685650	20.097743	0.104218	1.5
1937	-0.531181	20.092102	0.016963	1.6
1938	-1.467346	20.086466	0.121573	1.5
1939	-1.145990	20.080833	0.258372	1.5
1940	-0.000000	20.075205	0.000000	1.5
1941	-1.006592	20.069581	0.153339	1.9
1942	-1.218808	20.063962	0.240618	2.0
1943	-0.415181	20.058346	0.165620	1.5
1944	-1.636466	20.052735	0.199564	1.6
1945	-1.235209	20.047128	0.158856	1.8
1946	-1.443420	20.041525	0.196530	1.7
1947	-1.108513	20.035926	0.313274	2.3
1948	-1.330332	20.030332	0.052527	6.0
1949	-1.503493	20.024742	0.191322	3.0
1950	-1.160421	20.019155	0.127642	3.6
1951	-1.567126	20.013573	0.151682	4.5
1952	-0.089846	20.007995	0.002453	2.9
1953	-0.754665	20.002422	0.282584	4.5
1954	-0.732642	19.996852	0.128145	4.3
1955	-1.281913	19.991286	0.243949	1.6
1956	-0.831139	19.985725	0.227109	1.4
1957	-1.016544	19.980168	0.387634	1.4
1958	-0.624031	19.974615	0.177112	1.3
1959	-0.976505	19.969066	0.186600	1.5
1960	-0.381866	19.963521	0.112956	2.0
1961	-1.123997	19.957980	0.184019	1.4
1962	-1.374743	19.952443	0.144650	3.3
1963	-1.160373	19.946911	0.191870	3.5
1964	-0.970664	19.941382	0.200692	3.5
1965	-1.731354	19.935858	0.028721	2.1
1966	-1.762635	19.930337	0.139602	1.4
1967	-1.827227	19.924821	0.093921	1.6
1968	-1.298084	19.919309	0.462137	1.4
1969	-0.971601	19.913801	0.117453	1.3
1970	-1.381719	19.908297	0.130235	1.3
1971	-1.328678	19.902797	0.116409	2.6
1972	-0.048845	19.897301	0.006962	2.9
1973	-1.506245	19.891809	0.203390	1.8
1974	-1.132298	19.886321	0.149666	2.4
1975	-0.739985	19.880837	0.176880	1.7
1976	-1.515655	19.875357	0.193060	2.7
1977	-1.108615	19.869881	0.272472	6.5
1978	-0.619376	19.864409	0.268166	2.0
1979	-0.304512	19.858942	0.069193	2.4
1980	-1.406117	19.853478	0.182356	2.0
1981	-1.282589	19.848018	0.174428	2.2
1982	-0.915831	19.842562	0.067977	2.6
1983	-1.584170	19.837111	0.228648	2.5
1984	-0.355011	19.831663	0.030696	2.4
1985	-0.612454	19.826219	0.113069	3.0
1986	-0.649333	19.820779	0.039256	3.5
1987	-0.706775	19.815343	0.245803	1.2
1988	-0.635210	19.809912	0.036283	1.5
1989	-0.510975	19.804484	0.085804	1.5
1990	-0.904431	19.799060	0.113902	3.5
1991	-1.213989	19.793640	0.247162	2.2
1992	-1.421309	19.788224	0.474302	1.4
1993	-1.175063	19.782812	0.087641	1.4
1994	-0.311994	19.777404	0.012959	1.4
1995	-0.494212	19.772000	0.056116	1.5
1996	-1.471667	19.766599	0.138876	1.5
1997	-0.913770	19.761203	0.305135	1.8
1998	-0.239225	19.755811	0.073777	1.4
1999	-1.238098	19.750422	0.177665	2.5
